210
330
390
420
462
510
546
570
630
660
690
714
770
780
798
840
858
870
910
924
930
966
990
1020
1050
1092
1110
1122
1140
1155
1170
1190
1218
1230
1254
1260
1290
1302
1320
1326
1330
1365
1380
1386
1410
1428
1430
1470
1482
1518
1530
1540
1554
1560
1590
1596
1610
1638
1650
1680
1710
1716
1722
1740
1770
1785
1794
1806
1820
1830
1848
1860
1870
1890
1914
1932
1938
1950
1974
1980
1995
2002
2010
2030
2040
2046
2070
2090
2100
2130
2142
2145
2170
2184
2190
2210
2220
2226
2244
2262
2280
2340
2346
2370
2380
2394
2415
2418
2436
2442
2460
2470
2478
2490
2508
2520
2530
2550
2562
2574
2580
2590
2604
2610
2618
2622
2640
2652
2660
2670
2706
2760
2772
2790
2805
2814
2820
2838
2850
2856
2860
2870
2886
2898
2910
2926
2940
2958
2964
2970
2982
2990
3003
3010
3030
3036
3045
3060
3066
3080
3090
3094
3102
3108
3120
3135
3150
3162
3180
3190
3192
3198
3210
3220
3230
3234
3255
3270
3276
3290
3300
3306
3315
3318
3330
3354
3360
3366
3390
3410
3420
3432
3444
3450
3458
3465
3480
3486
3498
3510
3534
3540
3542
3588
3612
3630
3640
3654
3660
3666
3690
3696
3705
3710
3720
3738
3740
3762
3770
3774
3780
3795
3810
3822
3828
3850
3864
3870
3876
3885
3894
3900
3906
3910
3927
3930
3948
3960
3978
4002
4004
4020
4026
4030
4060
4070
4074
4080
4092
4095
4110
4130
4134
4140
4158
4170
4180
4182
4186
4200
4218
4230
4242
4260
4270
4278
4284
4305
4326
4340
4350
4368
4370
4380
4386
4389
4410
4420
4422
4440
4446
4452
4466
4470
4485
4488
4494
4510
4515
4522
4524
4530
4550
4554
4560
4578
4590
4602
4641
4650
4662
4674
4680
4686
4690
4692
4710
4730
4740
4746
4758
4760
4770
4774
4785
4788
4794
4810
4818
4836
4845
4862
4872
4884
4890
4902
4914
4920
4930
4935
4940
4950
4956
4970
4980
4998
5005
5010
5016
5040
5060
5070
5082
5100
5106
5110
5115
5124
5130
5148
5160
5166
5170
5180
5187
5190
5208
5214
5220
5226
5236
5244
5250
5270
5278
5280
5304
5310
5313
5320
5330
5334
5340
5355
5358
5370
5382
5390
5394
5406
5412
5418
5430
5434
5474
5478
5490
5502
5510
5520
5530
5538
5544
5550
5565
5580
5586
5590
5628
5640
5642
5655
5658
5670
5676
5694
5698
5700
5712
5720
5730
5740
5742
5754
5772
5775
5790
5796
5810
5814
5820
5830
5838
5850
5852
5865
5874
5880
5890
5910
5916
5922
5928
5934
5940
5950
5964
5970
5980
5985
6018
6020
6030
6042
6045
6060
6072
6105
6110
6118
6120
6132
6138
6150
6160
6162
6180
6188
6195
6204
6210
6216
6222
6230
6240
6258
6279
6290
6300
6314
6324
6330
6342
6360
6370
6380
6384
6390
6396
6402
6405
6420
6426
6435
6438
6440
6450
6460
6468
6474
6486
6490
6540
6545
6552
6555
6570
6578
6580
6594
6600
6612
6622
6636
6650
6660
6666
6670
6678
6690
6699
6708
6710
6720
6726
6732
6734
6762
6765
6780
6783
6786
6790
6798
6810
6820
6825
6834
6840
6846
6864
6870
6882
6888
6890
6900
6902
6916
6942
6954
6960
6970
6972
6990
6996
7014
7020
7030
7035
7038
7050
7062
7068
7070
7080
7084
7095
7098
7106
7110
7130
7134
7150
7161
7170
7176
7182
7194
7210
7215
7224
7230
7238
7242
7245
7254
7260
7266
7280
7293
7308
7310
7314
7315
7320
7326
7332
7350
7370
7378
7380
7392
7395
7420
7434
7440
7446
7455
7458
7462
7470
7476
7480
7482
7490
7518
7524
7530
7540
7548
7560
7566
7602
7620
7626
7630
7638
7644
7650
7656
7665
7670
7686
7700
7710
7714
7722
7728
7735
7740
7752
7755
7788
7790
7800
7810
7812
7820
7826
7830
7860
7866
7878
7890
7896
7905
7910
7917
7920
7930
7950
7956
7990
7995
7998
8004
8008
8010
8022
8030
8034
8040
8050
8052
8058
8060
8070
8085
8094
8106
8118
8120
8130
8140
8142
8148
8151
8160
8162
8170
8178
8184
8211
8220
8246
8250
8260
8265
8268
8274
8280
8294
8295
8310
8316
8322
8330
8340
8346
8358
8360
8364
8370
8372
8382
8385
8398
8400
8415
8418
8430
8436
8442
8460
8463
8466
8470
8484
8490
8502
8510
8514
8520
8526
8540
8547
8550
8554
8556
8568
8602
8645
8646
8652
8658
8670
8680
8690
8694
8700
8710
8715
8730
8736
8740
8742
8745
8760
8772
8790
8806
8814
8820
8835
8840
8844
8850
8855
8862
8866
8874
8880
8890
8892
8904
8910
8925
8930
8932
8940
8946
8976
8988
8990
9006
9009
9010
9020
9042
9044
9048
9060
9078
9086
9090
9100
9102
9108
9114
9120
9130
9135
9150
9156
9165
9170
9174
9177
9180
9198
9204
9210
9222
9230
9246
9270
9300
9306
9310
9324
9330
9338
9345
9348
9350
9360
9366
9372
9380
9384
9390
9394
9405
9420
9430
9435
9438
9450
9460
9462
9471
9480
9486
9490
9492
9510
9516
9520
9534
9540
9546
9548
9555
9576
9588
9590
9594
9614
9618
9620
9630
9636
9646
9672
9702
9724
9730
9735
9744
9750
9758
9765
9768
9780
9786
9790
9798
9804
9810
9828
9834
9840
9842
9858
9860
9867
9880
9890
9894
9900
9906
9912
9918
9930
9933
9940
9945
9954
9960
9966
9975
9982
9990
9996
10005
10020
10030
10032
10038
10050
10062
10065
10070
10074
10080
10098
10101
10110
10120
10122
10140
10146
10150
10164
10166
10170
10185
10200
10212
10218
10220
10234
10248
10260
10266
10270
10290
10296
10302
10318
10320
10332
10335
10340
10350
10353
10360
10362
10370
10380
10395
10410
10416
10428
10430
10434
10440
10450
10452
10455
10458
10465
10470
10472
10488
10494
10500
10506
10530
10540
10542
10545
10556
10560
10570
10578
10582
10590
10602
10605
10608
10614
10620
10640
10650
10659
10660
10668
10670
10680
10686
10695
10716
10725
10730
10738
10740
10758
10764
10770
10780
10788
10790
10794
10810
10812
10815
10824
10830
10836
10842
10846
10850
10857
10860
10868
10878
10890
10902
10906
10914
10934
10948
10950
10956
10962
10965
10974
10980
10990
10998
11004
11010
11020
11022
11040
11046
11050
11055
11058
11060
11067
11070
11076
11088
11100
11102
11110
11115
11118
11154
11160
11165
11172
11180
11186
11190
11193
11210
11214
11235
11242
11256
11270
11280
11284
11286
11298
11305
11316
11322
11330
11340
11346
11352
11362
11370
11382
11385
11388
11390
11396
11400
11410
11418
11424
11430
11438
11440
11445
11454
11460
11466
11470
11480
11484
11490
11505
11508
11514
11526
11544
11562
11570
11571
11580
11590
11592
11594
11610
11620
11622
11628
11634
11640
11655
11658
11660
11670
11676
11682
11685
11690
11700
11704
11715
11718
11726
11739
11742
11748
11760
11766
11770
11778
11780
11781
11790
11802
11814
11820
11830
11832
11844
11850
11856
11865
11868
11880
11886
11890
11895
11900
11910
11914
11928
11934
11935
11940
11946
11960
11985
11990
12006
12030
12036
12040
12045
12054
12060
12070
12075
12078
12084
12110
12120
12122
12126
12138
12144
12155
12166
12190
12194
12198
12220
12222
12236
12240
12243
12246
12255
12264
12270
12276
12282
12285
12298
12300
12306
12320
12324
12330
12342
12350
12354
12360
12369
12376
12402
12408
12410
12420
12426
12430
12432
12441
12444
12450
12460
12462
12470
12474
12480
12495
12502
12510
12516
12530
12546
12570
12580
12586
12597
12600
12606
12610
12614
12628
12630
12642
12648
12650
12654
12660
12670
12684
12690
12702
12705
12710
12714
12720
12726
12730
12738
12740
12750
12760
12765
12768
12780
12782
12792
12804
12818
12831
12834
12840
12852
12876
12880
12882
12894
12900
12903
12915
12920
12922
12930
12936
12948
12950
12954
12958
12972
12978
12980
12990
13002
13026
13035
13038
13050
13062
13065
13080
13098
13104
13130
13134
13140
13146
13156
13158
13160
13167
13170
13188
13195
13200
13202
13206
13209
13224
13230
13244
13266
13272
13286
13290
13299
13300
13314
13320
13330
13332
13335
13338
13340
13350
13356
13362
13370
13380
13386
13390
13395
13410
13416
13420
13430
13440
13442
13452
13455
13464
13468
13470
13482
13485
13490
13494
13510
13515
13524
13542
13545
13560
13570
13572
13578
13580
13585
13590
13596
13620
13629
13630
13640
13662
13668
13674
13680
13685
13692
13695
13702
13706
13710
13728
13734
13740
13746
13755
13764
13770
13776
13780
13790
13794
13800
13804
13806
13818
13830
13832
13838
13845
13846
13870
13884
13890
13902
13908
13910
13920
13923
13926
13930
13938
13940
13944
13950
13962
13965
13970
13974
13980
13986
13992
14007
14010
14014
14022
14025
14028
14030
14040
14042
14058
14060
14076
14091
14098
14100
14105
14110
14118
14124
14130
14136
14140
14145
14154
14160
14168
14170
14178
14196
14210
14212
14214
14220
14235
14238
14245
14250
14260
14268
14274
14300
14310
14326
14340
14350
14352
14355
14364
14370
14378
14382
14385
14388
14410
14420
14421
14442
14448
14454
14460
14469
14476
14478
14484
14508
14514
14518
14520
14532
14535
14550
14560
14570
14574
14595
14610
14616
14620
14628
14637
14640
14652
14658
14664
14670
14674
14685
14690
14694
14700
14706
14718
14730
14740
14742
14756
14760
14763
14766
14770
14784
14805
14826
14835
14840
14850
14858
14868
14874
14880
14892
14898
14916
14924
14934
14938
14940
14946
14950
14952
14960
14964
14970
14973
14980
14982
14994
15006
15010
15022
15030
15036
15042
15045
15048
15050
15054
15060
15070
15078
15080
15090
15096
15105
15106
15114
15120
15130
15132
15134
15150
15158
15162
15170
15190
15198
15204
15210
15222
15225
15240
15246
15249
15252
15260
15270
15276
15288
15290
15295
15300
15312
15314
15318
15334
15340
15345
15351
15366
15370
15372
15378
15390
15400
15402
15405
15410
15414
15420
15428
15438
15444
15450
15456
15466
15477
15480
15486
15498
15504
15522
15554
15555
15561
15570
15576
15580
15582
15594
15600
15610
15618
15620
15624
15630
15640
15642
15645
15652
15660
15666
15675
15678
15686
15690
15694
15720
15730
15732
15738
15750
15756
15762
15770
15774
15780
15785
15792
15820
15840
15846
15855
15860
15862
15870
15873
15890
15900
15906
15910
15912
15918
15930
15939
15946
15950
15980
15996
16002
16005
16008
16014
16016
16020
16030
16044
16050
16058
16060
16065
16068
16074
16080
16082
16086
16095
16100
16104
16107
16110
16116
16120
16140
16146
16150
16182
16185
16188
16198
16206
16212
16215
16218
16226
16230
16236
16240
16254
16260
16269
16275
16280
16284
16290
16296
16310
16320
16324
16330
16338
16340
16350
16354
16356
16359
16368
16390
16401
16410
16430
16434
16440
16445
16450
16458
16470
16478
16482
16485
16490
16492
16500
16506
16510
16520
16536
16548
16554
16555
16560
16566
16575
16588
16610
16614
16620
16626
16632
16638
16644
16646
16650
16653
16660
16665
16674
16680
16692
16695
16698
16710
16716
16720
16728
16730
16740
16744
16758
16764
16779
16786
16790
16796
16800
16815
16835
16836
16842
16860
16863
16870
16872
16874
16878
16884
16890
16898
16905
16910
16920
16932
16940
16950
16962
16965
16968
16974
16980
16986
16995
17004
17010
17017
17020
17028
17030
17034
17040
17043
17050
17052
17066
17070
17080
17082
17085
17100
17108
17110
17112
17115
17130
17136
17138
17157
17170
17178
17190
17202
17204
17205
17214
17226
17238
17250
17255
17262
17270
17286
17292
17304
17310
17316
17325
17340
17342
17346
17355
17358
17360
17370
17374
17380
17385
17388
17390
17391
17394
17400
17402
17420
17442
17446
17458
17460
17466
17472
17480
17484
17510
17514
17520
17526
17535
17538
17544
17550
17570
17574
17578
17580
17589
17595
17598
17610
17612
17622
17628
17630
17640
17646
17654
17655
17680
17682
17688
17690
17700
17706
17724
17730
17732
17745
17748
17754
17760
17765
17766
17780
17784
17790
17794
17802
17808
17810
17820
17822
17835
17860
17862
17864
17871
17880
17886
17892
17898
17910
17922
17930
17934
17952
17955
17958
17970
17974
17976
17980
17985
17990
18012
18020
18030
18040
18042
18054
18070
18078
18084
18088
18090
18095
18096
18102
18105
18120
18122
18126
18130
18135
18150
18156
18165
18170
18172
18174
18180
18183
18186
18190
18200
18204
18210
18216
18228
18240
18249
18258
18260
18278
18282
18285
18290
18291
18300
18312
18315
18318
18326
18340
18348
18360
18370
18382
18390
18396
18408
18410
18414
18420
18426
18430
18438
18444
18445
18447
18450
18460
18462
18486
18492
18510
18525
18530
18538
18540
18546
18550
18570
18582
18585
18590
18600
18606
18612
18615
18618
18620
18630
18642
18645
18648
18655
18660
18662
18666
18676
18678
18696
18700
18705
18720
18722
18732
18734
18744
18746
18753
18760
18762
18768
18774
18780
18786
18788
18795
18798
18802
18830
18834
18837
18840
18850
18858
18860
18876
18879
18886
18894
18900
18906
18910
18915
18920
18921
18924
18930
18960
18966
18970
18972
18975
18980
18984
18990
18998
19005
19006
19019
19020
19026
19030
19032
19038
19040
19050
19065
19068
19074
19080
19082
19090
19092
19095
19096
19152
19158
19162
19170
19173
19176
19180
19182
19188
19190
19194
19206
19210
19215
19227
19228
19230
19236
19240
19250
19260
19266
19270
19272
19278
19285
19290
19292
19305
19314
19338
19344
19350
19362
19370
19383
19390
19398
19404
19410
19418
19422
19425
19430
19434
19437
19446
19448
19458
19460
19474
19482
19488
19500
19516
19536
19550
19558
19560
19565
19570
19572
19578
19580
19590
19596
19608
19610
19614
19620
19630
19642
19646
19650
19656
19662
19665
19668
19670
19680
19684
19686
19690
19695
19698
19710
19716
19720
19722
19754
19758
19760
19770
19778
19780
19782
19788
19800
19803
19810
19812
19822
19824
19830
19836
19838
19860
19880
19902
19908
19910
19920
19929
19932
19964
19980
19992
19995
19998
20022
20026
20034
20040
20046
20055
20060
20064
20070
20076
20085
20090
20094
20097
20100
20118
20124
20140
20145
20148
20150
20160
20163
20174
20178
20190
20196
20210
20220
20230
20235
20240
20244
20254
20262
20265
20274
20280
20286
20292
20295
20298
20300
20306
20310
20328
20330
20332
20340
20349
20350
20355
20358
20382
20394
20398
20400
20405
20406
20410
20418
20424
20430
20436
20440
20445
20454
20468
20470
20475
20482
20490
20496
20502
20510
20514
20520
20526
20532
20538
20540
20550
20553
20559
20562
20566
20570
20580
20586
20590
20592
20604
20610
20615
20622
20634
20636
20640
20646
20650
20658
20664
20680
20685
20700
20710
20720
20724
20730
20735
20740
20746
20757
20760
20769
20770
20774
20805
20820
20826
20832
20838
20850
20856
20860
20862
20865
20868
20874
20878
20880
20895
20900
20904
20916
20922
20940
20944
20955
20958
20970
20976
20982
20988
20995
21000
21010
21012
21014
21018
21021
21030
21042
21045
21054
21060
21063
21070
21080
21084
21098
21105
21112
21114
21120
21126
21138
21140
21147
21150
21156
21164
21165
21170
21180
21182
21186
21190
21204
21216
21228
21230
21238
21240
21242
21255
21270
21280
21285
21294
21300
21306
21315
21320
21330
21336
21340
21350
21360
21372
21378
21385
21402
21406
21414
21432
21460
21462
21470
21476
21480
21483
21489
21490
21505
21510
21516
21518
21522
21525
21528
21534
21540
21546
21560
21567
21570
21574
21576
21580
21582
21588
21590
21594
21606
21615
21620
21624
21645
21648
21658
21660
21666
21670
21672
21684
21690
21692
21700
21710
21720
21726
21730
21735
21736
21750
21756
21758
21762
21770
21774
21777
21780
21798
21804
21810
21812
21828
21830
21846
21850
21855
21868
21879
21882
21890
21894
21896
21900
21910
21912
21918
21924
21942
21948
21960
21966
21978
21980
21990
21996
22002
22008
22010
22011
22015
22020
22022
22035
22040
22044
22050
22066
22074
22078
22080
22092
22098
22100
22116
22120
22126
22140
22152
22154
22155
22165
22170
22176
22185
22190
22200
22204
22218
22220
22236
22242
22270
22274
22278
22287
22290
22302
22308
22310
22320
22338
22344
22350
22360
22365
22372
22374
22380
22407
22410
22420
22422
22425
22428
22446
22458
22484
22490
22494
22506
22512
22515
22530
22533
22540
22542
22550
22554
22560
22568
22570
22572
22575
22578
22590
22594
22596
22605
22630
22632
22638
22644
22650
22659
22660
22678
22680
22686
22692
22695
22698
22701
22704
22710
22715
22722
22724
22737
22740
22746
22750
22755
22764
22776
22780
22785
22790
22792
22794
22800
22806
22814
22820
22830
22836
22848
22854
22860
22862
22866
22876
22878
22880
22902
22908
22910
22914
22920
22932
22935
22940
22946
22950
22960
22962
22968
22971
22974
22980
22990
22995
23001
23002
23016
23023
23028
23030
23034
23046
23052
23055
23058
23070
23086
23088
23114
23115
23124
23130
23140
23154
23160
23166
23170
23180
23184
23188
23190
23199
23210
23214
23218
23220
23226
23230
23240
23244
23250
23254
23256
23265
23268
23270
23280
23290
23298
23316
23320
23322
23331
23340
23345
23352
23358
23364
23374
23380
23394
23400
23406
23408
23415
23426
23436
23450
23452
23484
23485
23490
23496
23506
23520
23529
23530
23532
23540
23541
23550
23556
23560
23580
23590
23595
23598
23604
23606
23610
23622
23628
23630
23634
23640
23646
23650
23655
23660
23664
23670
23674
23688
23690
23694
23700
23712
23715
23718
23736
23738
23751
23754
23760
23766
23772
23780
23782
23793
23800
23820
23826
23828
23835
23838
23842
23850
23856
23862
23865
23868
23874
23880
23892
23898
23902
23910
23919
23920
23925
23946
23954
23980
23982
23985
23994
24012
24030
24035
24038
24045
24050
24054
24060
24066
24070
24072
24080
24087
24102
24108
24115
24120
24123
24130
24140
24156
24168
24174
24178
24186
24190
24198
24206
24210
24220
24222
24225
24234
24240
24242
24244
24252
24255
24258
24270
24276
24282
24288
24290
24297
24318
24330
24332
24339
24346
24354
24366
24378
24380
24388
24390
24395
24396
24402
24414
24426
24430
24440
24444
24450
24453
24465
24472
24480
24490
24492
24495
24514
24518
24522
24528
24530
24531
24534
24540
24552
24564
24582
24585
24596
24600
24605
24610
24612
24618
24630
24633
24640
24645
24648
24650
24654
24660
24662
24675
24682
24684
24690
24700
24702
24708
24710
24717
24720
24726
24735
24750
24752
24765
24766
24790
24794
24795
24804
24810
24816
24820
24822
24830
24840
24846
24850
24852
24860
24864
24870
24871
24885
24888
24890
24900
24906
24910
24915
24920
24924
24930
24934
24940
24948
24955
24960
24966
24969
24970
24978
25004
25010
25014
25020
25025
25026
25032
25038
25050
25058
25060
25070
25074
25086
25090
25092
25095
25098
25102
25110
25122
25130
25134
25140
25146
25155
25158
25160
25170
25172
25179
25185
25190
25200
25212
25220
25228
25230
25234
25242
25245
25254
25256
25260
25270
25278
25284
25290
25296
25298
25300
25305
25308
25311
25320
25326
25330
25338
25340
25346
25347
25350
25365
25368
25370
25380
25389
25398
25404
25415
25420
25422
25428
25438
25440
25452
25454
25460
25466
25470
25476
25480
25482
25494
25498
25500
25506
25520
25536
25542
25545
25550
25560
25564
25575
25578
25584
25585
25590
25599
25602
25606
25608
25610
25630
25636
25641
25650
25665
25668
25670
25674
25680
25690
25704
25707
25710
25714
25718
25730
25746
25752
25755
25760
25764
25770
25788
25795
25800
25802
25810
25818
25840
25842
25844
25850
25854
25860
25870
25872
25878
25890
25896
25900
25905
25908
25914
25916
25926
25938
25942
25944
25950
25956
25960
25970
25974
25980
25986
25990
25998
26004
26010
26013
26026
26030
26052
26058
26061
26076
26078
26082
26085
26100
26103
26106
26110
26124
26145
26158
26160
26166
26169
26182
26187
26190
26196
26202
26208
26214
26226
26230
26235
26250
26260
26265
26268
26270
26274
26280
26286
26290
26292
26310
26312
26316
26320
26322
26340
26350
26355
26358
26367
26370
26376
26394
26400
26404
26410
26412
26430
26442
26445
26448
26455
26460
26466
26474
26481
26486
26488
26490
26502
26505
26510
26530
26532
26535
26544
26550
26554
26562
26572
26574
26580
26586
26600
26610
26622
26628
26634
26640
26642
26650
26660
26664
26676
26680
26690
26691
26700
26712
26715
26718
26724
26726
26730
26733
26740
26754
26760
26772
26775
26780
26810
26814
26818
26820
26826
26832
26838
26840
26845
26850
26860
26862
26866
26880
26884
26894
26895
26904
26922
26928
26936
26940
26950
26961
26962
26964
26978
26980
26985
26988
26994
27006
27010
27018
27020
27027
27048
27066
27084
27094
27105
27115
27118
27120
27126
27140
27144
27150
27156
27160
27174
27180
27183
27186
27192
27195
27202
27210
27222
27230
27234
27240
27246
27255
27260
27265
27270
27280
27285
27302
27306
27318
27324
27330
27335
27336
27342
27348
27354
27360
27384
27398
27404
27405
27412
27417
27420
27426
27430
27434
27435
27438
27450
27454
27456
27462
27468
27470
27474
27480
27482
27489
27492
27495
27522
27528
27531
27534
27540
27550
27552
27555
27560
27566
27570
27573
27580
27588
27590
27594
27600
27606
27608
27610
27612
27615
27630
27636
27642
27645
27650
27654
27660
27664
27666
27676
27678
27692
27710
27714
27730
27738
27740
27742
27750
27755
27762
27768
27778
27780
27786
27790
27795
27798
27804
27807
27810
27816
27820
27825
27830
27840
27852
27860
27870
27874
27876
27880
27885
27888
27898
27900
27918
27924
27940
27948
27950
27960
27962
27965
27966
27972
27984
27990
27993
28002
28006
28020
28028
28035
28044
28056
28060
28070
28080
28083
28084
28086
28098
28101
28105
28106
28110
28116
28119
28120
28122
28130
28152
28158
28170
28194
28196
28200
28203
28215
28220
28230
28236
28245
28248
28254
28260
28266
28270
28272
28275
28280
28294
28302
28305
28308
28310
28314
28320
28329
28336
28340
28350
28356
28362
28365
28386
28390
28392
28405
28410
28413
28420
28424
28428
28434
28440
28446
28455
28458
28462
28476
28482
28497
28500
28509
28518
28520
28530
28536
28542
28545
28548
28574
28578
28590
28595
28600
28602
28614
28620
28623
28626
28630
28635
28638
28650
28652
28658
28662
28665
28670
28680
28686
28690
28700
28704
28728
28730
28740
28743
28756
28764
28776
28782
28785
28798
28810
28815
28820
28826
28830
28840
28854
28866
28875
28884
28886
28890
28896
28905
28908
28910
28914
28920
28930
28934
28950
28952
28956
28968
28974
28985
28990
28994
29010
29016
29022
29028
29029
29036
29040
29046
29050
29055
29058
29064
29078
29082
29085
29094
29100
29106
29110
29118
29120
29127
29130
29140
29145
29146
29148
29150
29154
29202
29205
29210
29211
29220
29230
29232
29238
29240
29250
29256
29280
29290
29295
29298
29302
29304
29310
29315
29316
29325
29326
29328
29330
29337
29340
29346
29348
29355
29358
29380
29382
29388
29393
29394
29400
29406
29410
29412
29414
29415
29430
29436
29442
29445
29450
29458
29460
29463
29469
29470
29480
29484
29490
29502
29505
29510
29512
29520
29532
29535
29540
29546
29550
29562
29568
29574
29590
29601
29614
29631
29634
29638
29652
29666
29667
29678
29680
29682
29694
29700
29715
29716
29718
29722
29730
29733
29736
29748
29750
29754
29757
29760
29766
29770
29778
29784
29785
29790
29796
29799
29810
29822
29830
29832
29835
29848
29850
29854
29862
29865
29868
29870
29874
29876
29880
29886
29890
29892
29898
29900
29904
29910
29920
29925
29928
29930
29940
29960
29964
29970
29982
29986
29988
30012
30015
30020
30039
30044
30058
30060
30070
30072
30084
30096
30100
30102
30107
30108
30114
30120
30130
30134
30135
30140
30150
30156
30160
30162
30170
30174
30180
30186
30192
30195
30198
30212
30222
30225
30226
30228
30240
30260
30261
30264
30268
30270
30282
30290
30294
30300
30303
30305
30310
30315
30316
30318
30324
30330
30338
30340
30342
30345
30362
30366
30378
30380
30381
30390
30394
30396
30408
30414
30415
30420
30422
30426
30430
30438
30444
30459
30470
30480
30485
30492
30495
30504
30510
30514
30520
30525
30530
30534
30540
30550
30552
30555
30558
30562
30566
30570
30576
30580
30597
30600
30602
30615
30624
30628
30630
30636
30646
30654
30666
30668
30680
30705
30710
30723
30730
30732
30738
30740
30744
30745
30750
30756
30765
30770
30774
30780
30786
30798
30800
30804
30814
30820
30822
30828
30840
30846
30849
30855
30856
30858
30866
30870
30876
30885
30888
30894
30900
30906
30910
30912
30914
30930
30932
30960
30966
30970
30972
30975
30990
30996
31005
31008
31010
31030
31031
31038
31042
31044
31050
31059
31062
31065
31070
31086
31098
31108
31119
31130
31140
31146
31150
31152
31155
31160
31161
31164
31170
31174
31178
31185
31188
31200
31206
31218
31220
31230
31234
31236
31240
31242
31248
31255
31260
31262
31270
31278
31280
31284
31302
31304
31310
31314
31317
31320
31326
31330
31332
31356
31365
31372
31374
31380
31382
31388
31390
31410
31430
31434
31440
31450
31458
31460
31464
31465
31470
31476
31482
31486
31490
31494
31500
31506
31510
31512
31515
31518
31521
31524
31530
31535
31540
31542
31548
31560
31578
31584
31590
31598
31602
31605
31610
31614
31626
31635
31640
31647
31650
31654
31680
31682
31692
31694
31720
31722
31724
31730
31734
31740
31755
31758
31770
31773
31780
31785
31790
31794
31800
31806
31812
31815
31820
31824
31830
31836
31842
31845
31850
31857
31860
31863
31866
31890
31892
31900
31902
31906
31926
31930
31950
31955
31960
31962
31970
31977
31990
31992
32004
32016
32025
32028
32032
32034
32040
32045
32046
32054
32058
32060
32062
32070
32074
32085
32088
32100
32109
32110
32116
32118
32120
32136
32142
32148
32154
32160
32164
32172
32175
32178
32186
32200
32205
32208
32220
32226
32230
32232
32235
32240
32250
32262
32266
32270
32274
32277
32280
32292
32298
32300
32305
32310
32318
32330
32334
32338
32361
32364
32376
32382
32385
32390
32395
32396
32406
32410
32412
32422
32424
32436
32445
32450
32452
32460
32466
32470
32472
32480
32487
32490
32494
32505
32508
32520
32522
32526
32560
32565
32568
32571
32574
32578
32580
32592
32595
32606
32610
32620
32630
32634
32637
32640
32648
32655
32660
32670
32676
32680
32682
32690
32700
32706
32708
32712
32725
32730
32736
32742
32745
32754
32766
32770
32775
32780
32790
32810
32820
32830
32835
32838
32850
32860
32865
32868
32870
32880
32886
32895
32900
32910
32916
32922
32930
32934
32940
32942
32946
32956
32964
32980
32982
32984
32994
33000
33005
33012
33015
33020
33022
33030
33033
33040
33046
33054
33066
33072
33078
33082
33090
33096
33098
33099
33108
33117
33120
33132
33138
33165
33166
33170
33174
33176
33189
33198
33201
33210
33215
33220
33222
33228
33231
33234
33240
33250
33252
33258
33264
33270
33276
33285
33286
33288
33292
33294
33300
33320
33345
33348
33350
33354
33360
33366
33370
33374
33384
33396
33402
33405
33410
33411
33418
33420
33432
33440
33450
33456
33460
33462
33465
33474
33480
33488
33490
33510
33516
33522
33528
33530
33550
33570
33572
33579
33580
33582
33592
33594
33600
33605
33618
33626
33642
33649
33654
33666
33672
33684
33690
33698
33702
33705
33720
33735
33740
33744
33748
33756
33762
33768
33770
33774
33780
33782
33790
33796
33798
33814
33820
33825
33830
33840
33855
33858
33864
33866
33870
33880
33891
33894
33900
33902
33924
33936
33945
33948
33950
33960
33966
33970
33972
33978
34008
34010
34017
34020
34026
34030
34038
34040
34050
34056
34060
34062
34068
34080
34090
34100
34104
34110
34122
34125
34132
34140
34146
34155
34160
34162
34164
34185
34190
34194
34200
34210
34216
34220
34221
34224
34238
34242
34254
34255
34260
34265
34270
34272
34276
34278
34286
34290
34293
34310
34335
34338
34340
34342
34350
34356
34362
34365
34370
34374
34380
34386
34390
34398
34404
34408
34419
34428
34430
34450
34452
34454
34470
34476
34482
34485
34500
34503
34515
34518
34524
34530
34540
34542
34545
34554
34566
34572
34578
34584
34590
34595
34602
34608
34615
34620
34626
34629
34632
34638
34658
34662
34671
34680
34684
34686
34692
34694
34706
34713
34716
34720
34730
34734
34740
34748
34755
34760
34762
34776
34780
34788
34790
34800
34804
34815
34818
34827
34830
34840
34845
34846
34850
34854
34866
34870
34874
34881
34884
34890
34892
34902
34905
34914
34916
34918
34920
34930
34932
34935
34944
34950
34958
34960
34965
34968
34970
34974
34986
34998
35002
35010
35014
35020
35022
35028
35030
35035
35040
35046
35052
35055
35061
35074
35076
35088
35090
35098
35100
35105
35126
35130
35139
35140
35145
35148
35150
35154
35156
35160
35175
35196
35210
35217
35220
35224
35226
35230
35238
35244
35245
35250
35256
35259
35260
35266
35280
35282
35292
35295
35298
35308
35322
35334
35343
35346
35350
35358
35360
35364
35370
35376
35380
35385
35394
35400
35406
35409
35412
35430
35438
35442
35445
35448
35454
35460
35462
35464
35466
35475
35496
35502
35508
35510
35511
35518
35520
35526
35532
35535
35550
35560
35568
35574
35580
35581
35588
35595
35598
35604
35607
35610
35616
35620
35630
35640
35644
35646
35650
35658
35673
35682
35685
35690
35706
35720
35724
35728
35730
35750
35754
35760
35763
35770
35772
35778
35784
35790
35796
35802
35814
35815
35820
35826
35834
35838
35844
35850
35853
35854
35860
35862
35868
35870
35882
35890
35898
35904
35916
35926
35931
35934
35938
35940
35945
35948
35952
35955
35958
35960
35980
35990
35994
36006
36010
36018
36022
36024
36030
36040
36050
36057
36060
36062
36075
36078
36080
36084
36090
36102
36105
36108
36110
36114
36134
36135
36138
36140
36146
36150
36156
36162
36168
36176
36180
36186
36192
36195
36204
36218
36225
36234
36240
36244
36246
36252
36260
36267
36278
36285
36290
36294
36295
36300
36309
36312
36322
36340
36344
36348
36354
36360
36363
36372
36378
36380
36386
36390
36400
36408
36410
36414
36420
36426
36432
36435
36442
36456
36462
36470
36478
36480
36482
36490
36510
36516
36519
36520
36530
36550
36556
36564
36575
36580
36594
36600
36610
36618
36624
36636
36642
36645
36652
36654
36666
36670
36680
36685
36686
36690
36696
36714
36720
36722
36729
36735
36738
36740
36750
36754
36762
36764
36765
36771
36777
36778
36780
36790
36792
36795
36806
36810
36816
36820
36822
36828
36830
36834
36840
36846
36850
36852
36855
36860
36870
36876
36888
36900
36915
36918
36920
36924
36930
36938
36942
36946
36966
36972
36974
36975
36984
36990
36993
37002
37014
37020
37023
37026
37030
37037
37060
37062
37065
37070
37074
37076
37080
37086
37092
37100
37107
37110
37114
37122
37130
37140
37145
37146
37149
37158
37164
37180
37185
37191
37200
37202
37206
37212
37224
37236
37240
37245
37254
37260
37275
37278
37284
37296
37320
37323
37324
37332
37335
37338
37345
37350
37352
37356
37362
37365
37366
37370
37386
37392
37398
37400
37401
37422
37430
37434
37440
37444
37450
37455
37464
37466
37468
37470
37485
37488
37490
37492
37510
37515
37518
37520
37524
37530
37536
37548
37554
37555
37560
37570
37572
37576
37582
37587
37596
37604
37605
37630
37635
37638
37642
37650
37653
37660
37668
37680
37686
37695
37698
37700
37710
37716
37720
37730
37734
37752
37765
37770
37772
37774
37785
37788
37791
37800
37810
37812
37814
37818
37820
37835
37840
37848
37851
37860
37870
37878
37882
37890
37895
37905
37910
37914
37920
37926
37932
37940
37944
37947
37960
37961
37962
37968
37980
37986
37990
37995
37996
38012
38019
38040
38046
38052
38055
38060
38064
38070
38076
38080
38082
38090
38094
38100
38106
38110
38114
38115
38136
38142
38148
38150
38157
38160
38164
38170
38178
38180
38181
38184
38192
38199
38214
38226
38247
38250
38258
38262
38270
38285
38290
38295
38298
38304
38310
38316
38318
38324
38325
38335
38340
38350
38352
38360
38364
38370
38376
38380
38388
38390
38402
38406
38409
38410
38412
38415
38418
38420
38442
38445
38456
38458
38460
38472
38478
38480
38490
38493
38500
38502
38505
38514
38520
38522
38532
38535
38540
38544
38550
38556
38571
38577
38580
38584
38586
38590
38595
38598
38622
38626
38628
38634
38646
38654
38658
38665
38670
38675
38676
38682
38688
38690
38700
38703
38709
38710
38715
38724
38730
38740
38742
38745
38775
38778
38780
38786
38790
38794
38796
38802
38805
38808
38820
38822
38830
38836
38844
38860
38862
38868
38870
38885
38892
38896
38910
38913
38916
38918
38920
38922
38930
38934
38948
38950
38955
38958
38962
38964
38970
38976
38982
38985
38990
38994
38998
39000
39006
39010
39018
39026
39030
39032
39039
39045
39050
39054
39066
39072
39078
39090
39100
39102
39105
39114
39116
39117
39120
39138
39140
39144
39150
39156
39160
39162
39165
39180
39182
39186
39192
39195
39198
39210
39215
39216
39220
39228
39234
39235
39237
39240
39246
39260
39273
39284
39292
39294
39300
39312
39324
39336
39338
39340
39342
39345
39354
39360
39368
39370
39372
39380
39382
39396
39402
39405
39406
39410
39420
39432
39435
39438
39440
39442
39444
39450
39474
39490
39494
39498
39501
39508
39510
39516
39520
39522
39525
39530
39534
39540
39550
39556
39558
39560
39564
39570
39576
39578
39590
39600
39610
39615
39618
39620
39624
39627
39630
39634
39644
39648
39650
39655
39660
39666
39672
39676
39678
39690
39702
39710
39711
39720
39729
39730
39738
39746
39750
39754
39760
39765
39767
39770
39774
39786
39790
39795
39798
39804
39810
39816
39820
39830
39831
39840
39846
39864
39865
39870
39882
39886
39894
39897
39910
39928
39930
39942
39950
39960
39962
39963
39970
39974
39975
39984
39996
40002
40005
40014
40018
40026
40035
40044
40050
40052
40062
40066
40068
40080
40086
40089
40090
40092
40098
40120
40128
40138
40140
40145
40150
40152
40158
40166
40180
40182
40185
40188
40200
40205
40215
40222
40227
40230
40236
40238
40242
40248
40250
40278
40280
40296
40299
40300
40310
40320
40330
40334
40341
40348
40350
40356
40362
40365
40370
40380
40386
40390
40392
40410
40420
40425
40426
40430
40434
40440
40443
40446
40455
40458
40460
40467
40480
40482
40488
40494
40495
40502
40506
40508
40515
40524
40542
40545
40546
40548
40560
40565
40572
40579
40584
40586
40596
40600
40602
40610
40612
40614
40620
40626
40630
40635
40638
40641
40650
40656
40660
40664
40670
40677
40680
40690
40700
40716
40722
40734
40754
40764
40766
40770
40774
40782
40788
40794
40796
40800
40803
40812
40820
40830
40836
40845
40848
40850
40854
40860
40866
40870
40872
40880
40885
40887
40894
40902
40908
40922
40926
40936
40940
40953
40964
40970
40980
40986
40992
41002
41004
41006
41010
41020
41022
41028
41030
41034
41040
41041
41052
41064
41070
41076
41078
41080
41082
41085
41090
41097
41100
41124
41130
41132
41140
41145
41151
41160
41170
41172
41174
41180
41181
41184
41190
41195
41202
41205
41208
41210
41220
41223
41238
41244
41250
41262
41265
41268
41272
41280
41286
41292
41300
41310
41314
41316
41322
41325
41328
41349
41354
41358
41360
41366
41382
41385
41400
41406
41410
41415
41418
41420
41426
41430
41440
41446
41448
41454
41460
41475
41478
41480
41490
41492
41510
41520
41535
41540
41548
41550
41565
41574
41586
41595
41602
41613
41615
41622
41630
41640
41646
41650
41652
41658
41664
41667
41670
41676
41678
41685
41690
41700
41706
41710
41712
41718
41720
41724
41734
41736
41745
41748
41756
41760
41762
41769
41778
41800
41808
41810
41811
41814
41818
41830
41832
41838
41844
41847
41850
41870
41874
41880
41886
41888
41890
41895
41902
41916
41922
41925
41930
41934
41940
41943
41952
41958
41964
41965
41970
41976
41998
42000
42009
42018
42020
42021
42024
42028
42030
42036
42054
42060
42066
42070
42075
42084
42098
42105
42108
42120
42130
42140
42150
42159
42160
42168
42174
42182
42185
42186
42195
42196
42198
42218
42222
42224
42228
42230
42240
42245
42252
42262
42270
42273
42276
42280
42300
42306
42312
42328
42340
42350
42354
42360
42364
42366
42370
42372
42378
42380
42390
42394
42398
42402
42405
42406
42408
42427
42432
42435
42438
42441
42450
42456
42458
42460
42462
42465
42470
42476
42480
42484
42486
42490
42522
42534
42540
42546
42550
42558
42560
42582
42585
42588
42594
42600
42602
42612
42614
42640
42642
42658
42660
42665
42666
42670
42672
42680
42690
42693
42700
42702
42705
42714
42718
42720
42738
42742
42744
42746
42750
42756
42790
42798
42804
42810
42812
42822
42826
42828
42834
42845
42846
42861
42864
42870
42874
42882
42910
42918
42920
42924
42930
42940
42942
42945
42952
42960
42980
42987
42990
42994
43005
43014
43020
43026
43030
43032
43035
43036
43043
43044
43054
43056
43065
43068
43070
43078
43080
43086
43090
43092
43095
43098
43110
43120
43130
43140
43142
43146
43148
43152
43155
43160
43164
43170
43176
43180
43186
43188
43190
43194
43197
43206
43210
43212
43214
43215
43225
43239
43240
43248
43263
43274
43282
43296
43302
43310
43316
43320
43326
43329
43330
43332
43338
43340
43344
43350
43355
43358
43362
43365
43368
43380
43384
43386
43395
43400
43401
43407
43410
43420
43430
43434
43435
43440
43442
43446
43450
43452
43460
43472
43485
43491
43494
43498
43500
43505
43510
43512
43516
43524
43530
43540
43542
43548
43550
43560
43566
43575
43582
43586
43590
43596
43602
43605
43608
43610
43615
43617
43620
43624
43626
43638
43645
43650
43654
43656
43660
43662
43665
43670
43674
43690
43692
43700
43719
43722
43725
43734
43736
43746
43764
43770
43778
43780
43785
43788
43790
43792
43800
43806
43810
43815
43818
43820
43824
43830
43834
43836
43845
43848
43862
43870
43878
43884
43896
43911
43914
43920
43930
43932
43935
43945
43946
43950
43953
43956
43960
43962
43966
43974
43980
43989
43990
43992
43995
44004
44010
44016
44020
44034
44040
44044
44055
44058
44080
44082
44086
44088
44100
44110
44114
44115
44118
44121
44130
44132
44135
44142
44148
44154
44156
44160
44166
44170
44175
44178
44184
44187
44190
44196
44198
44200
44202
44205
44226
44232
44238
44240
44250
44252
44254
44265
44270
44274
44275
44280
44286
44289
44290
44298
44304
44308
44319
44322
44340
44346
44352
44380
44382
44385
44390
44394
44400
44408
44415
44418
44421
44422
44430
44436
44440
44450
44454
44457
44462
44472
44478
44484
44485
44486
44490
44499
44505
44506
44517
44526
44530
44538
44540
44548
44550
44555
44556
44562
44580
44583
44590
44604
44610
44616
44620
44622
44625
44634
44640
44642
44646
44650
44655
44670
44676
44682
44688
44690
44694
44700
44702
44710
44715
44718
44720
44726
44733
44744
44745
44748
44758
44760
44770
44778
44781
44790
44802
44805
44820
44826
44835
44838
44840
44844
44856
44863
44870
44892
44895
44898
44902
44910
44916
44919
44935
44946
44950
44954
44958
44968
44970
44979
44980
44982
44988
44990
45006
45010
45012
45018
45024
45034
45050
45060
45078
45080
45084
45087
45090
45100
45105
45108
45110
45114
45120
45122
45126
45135
45136
45140
45144
45156
45162
45180
45182
45186
45188
45192
45195
45201
45214
45234
45255
45258
45260
45262
45264
45270
45276
45288
45290
45298
45300
45305
45310
45315
45320
45322
45330
45339
45342
45346
45353
45356
45360
45370
45372
45384
45396
45408
45410
45420
45426
45435
45444
45448
45450
45458
45465
45480
45486
45492
45500
45507
45526
45528
45530
45543
45552
45560
45562
45580
45582
45584
45588
45590
45591
45594
45600
45606
45612
45628
45630
45633
45640
45645
45650
45654
45660
45666
45672
45675
45678
45682
45690
45694
45695
45696
45705
45708
45710
45714
45720
45724
45730
45732
45738
45747
45750
45752
45756
45760
45762
45770
45771
45786
45790
45795
45798
45804
45810
45815
45816
45820
45822
45825
45828
45838
45840
45843
45849
45850
45864
45866
45878
45880
45890
45892
45900
45903
45906
45920
45924
45930
45934
45936
45948
45954
45955
45960
45966
45969
45978
45980
45994
46004
46010
46018
46032
46035
46050
46053
46056
46060
46065
46068
46070
46074
46090
46092
46095
46098
46102
46104
46116
46130
46134
46138
46140
46150
46155
46158
46170
46172
46176
46182
46189
46190
46206
46215
46221
46228
46242
46248
46254
46260
46266
46270
46280
46290
46299
46308
46310
46314
46320
46322
46326
46330
46332
46340
46342
46345
46350
46354
46360
46365
46368
46371
46374
46376
46380
46420
46428
46431
46434
46436
46438
46440
46452
46455
46458
46460
46470
46480
46482
46488
46494
46500
46506
46508
46512
46515
46536
46540
46545
46550
46560
46563
46566
46574
46578
46580
46590
46596
46605
46610
46614
46618
46626
46632
46640
46644
46650
46655
46665
46670
46680
46683
46686
46695
46698
46704
46710
46716
46718
46722
46725
46728
46746
46748
46750
46760
46761
46767
46770
46774
46782
46788
46794
46800
46805
46806
46810
46812
46816
46835
46842
46851
46852
46854
46865
46866
46870
46872
46878
46886
46890
46893
46900
46904
46905
46914
46926
46930
46935
46950
46965
46968
46980
46986
46990
46992
46995
46998
47005
47010
47012
47022
47025
47034
47040
47047
47060
47064
47070
47073
47080
47085
47090
47094
47100
47110
47112
47120
47130
47138
47145
47150
47154
47158
47160
47166
47170
47175
47180
47196
47208
47212
47214
47215
47220
47226
47229
47234
47235
47242
47244
47250
47256
47260
47265
47268
47270
47278
47280
47286
47292
47294
47300
47306
47320
47322
47328
47334
47340
47346
47348
47362
47370
47376
47380
47382
47386
47388
47390
47397
47400
47410
47415
47418
47424
47436
47450
47454
47470
47472
47476
47478
47481
47490
47495
47498
47508
47515
47520
47523
47530
47532
47538
47541
47544
47550
47554
47558
47560
47564
47565
47570
47595
47600
47610
47614
47619
47630
47634
47640
47642
47652
47656
47658
47676
47684
47685
47690
47700
47702
47705
47710
47712
47718
47724
47736
47742
47748
47754
47760
47762
47766
47770
47775
47784
47790
47796
47802
47804
47806
47810
47814
47817
47820
47840
47859
47866
47874
47886
47892
47894
47895
47905
47908
47910
47918
47922
47946
47950
47955
47957
47960
47964
47978
47982
47985
47988
47994
48006
48015
48018
48024
48026
48030
48034
48042
48060
48076
48081
48093
48100
48108
48110
48111
48120
48126
48132
48138
48140
48144
48146
48150
48160
48162
48165
48178
48190
48195
48198
48202
48204
48210
48216
48222
48240
48258
48260
48270
48279
48280
48282
48285
48290
48298
48306
48312
48314
48321
48330
48336
48342
48345
48348
48356
48370
48372
48378
48380
48390
48396
48399
48405
48410
48412
48420
48422
48426
48430
48433
48438
48440
48444
48462
48468
48470
48477
48480
48484
48488
48490
48495
48498
48504
48507
48516
48530
48540
48545
48546
48552
48555
48564
48570
48576
48580
48585
48590
48615
48618
48622
48630
48633
48636
48642
48645
48650
48654
48660
48664
48670
48675
48685
48690
48692
48705
48708
48714
48730
48732
48741
48750
48756
48760
48762
48774
48776
48780
48783
48786
48792
48804
48807
48810
48818
48822
48825
48828
48830
48846
48852
48858
48860
48867
48870
48880
48888
48894
48895
48900
48909
48910
48918
48944
48945
48950
48954
48958
48960
48970
48980
48984
48994
49010
49014
49028
49035
49036
49038
49042
49044
49050
49056
49060
49068
49070
49077
49080
49082
49098
49104
49105
49110
49115
49126
49128
49134
49155
49164
49166
49182
49192
49200
49203
49206
49215
49218
49220
49224
49230
49236
49242
49245
49260
49270
49278
49280
49296
49300
49302
49305
49308
49320
49322
49324
49358
49362
49364
49368
49374
49380
49385
49390
49395
49400
49404
49410
49413
49416
49420
49440
49445
49446
49450
49452
49455
49478
49490
49494
49500
49504
49506
49518
49532
49533
49538
49542
49555
49566
49569
49580
49588
49595
49602
49608
49610
49620
49623
49630
49632
49634
49640
49644
49647
49650
49654
49660
49662
49674
49680
49686
49692
49698
49700
49704
49710
49714
49720
49725
49728
49740
49749
49755
49776
49780
49786
49790
49794
49800
49810
49812
49818
49820
49840
49842
49848
49854
49860
49868
49875
49878
49880
49890
49894
49896
49914
49920
49926
49929
49932
49940
49946
49950
49956
49959
49962
49966
49970
49995
49998
50008
50010
50020
50022
50025
50028
50034
50040
50046
50052
50055
50061
50064
50065
50070
50076
50082
50085
50094
50100
50102
50106
50115
50116
50120
50127
50130
50138
50140
50141
50142
50148
50150
50154
50170
50172
50180
50184
50196
50204
50218
50220
50226
50235
50244
50246
50250
50260
50268
50270
50274
50280
50286
50290
50292
50295
50298
50316
50320
50325
50330
50337
50340
50344
50350
50380
50386
50394
50400
50402
50406
50414
50424
50430
50435
50439
50440
50442
50445
50456
50460
50466
50468
50470
50478
50484
50502
50508
50512
50518
50520
50526
50530
50540
50547
50550
50554
50556
50568
50570
50580
50589
50592
50596
50600
50616
50630
50634
50635
50640
50646
50652
50654
50655
50660
50666
50670
50673
50676
50680
50685
50690
50692
50700
50710
50715
50718
50721
50736
50740
50745
50750
50754
50760
50765
50790
50796
50799
50806
50808
50826
50838
50840
50844
50850
50853
50856
50862
50874
50876
50880
50882
50886
50890
50895
50898
50904
50908
50910
50920
50922
50925
50930
50932
50934
50940
50946
50952
50955
50958
50960
50964
50970
50974
50982
50985
50986
50988
50995
50996
51000
51012
51015
51018
51030
51034
51040
51042
51045
51054
51072
51084
51086
51100
51102
51106
51110
51114
51120
51128
51129
51135
51142
51156
51168
51180
51186
51194
51204
51205
51210
51212
51216
51220
51230
51238
51243
51246
51255
51260
51270
51272
51285
51290
51294
51300
51306
51310
51315
51336
51338
51340
51342
51345
51348
51350
51357
51359
51360
51366
51370
51380
51390
51402
51405
51408
51410
51415
51420
51428
51429
51430
51436
51450
51460
51465
51471
51474
51490
51492
51504
51506
51513
51520
51522
51528
51534
51540
51546
51555
51558
51562
51566
51570
51576
51578
51585
51600
51604
51606
51610
51615
51618
51620
51630
51636
51642
51645
51646
51666
51675
51678
51680
51681
51684
51688
51690
51700
51702
51708
51714
51720
51726
51730
51740
51744
51750
51756
51766
51770
51780
51786
51792
51794
51798
51800
51816
51828
51830
51832
51834
51850
51852
51858
51865
51876
51884
51888
51898
51900
51906
51910
51912
51918
51920
51930
51935
51940
51942
51948
51954
51960
51972
51975
51980
51982
51986
51987
51990
51996
52003
52008
52010
52020
52030
52038
52041
52050
52052
52059
52060
52065
52070
52074
52095
52098
52104
52110
52116
52118
52130
52143
52150
52152
52155
52156
52164
52173
52182
52185
52190
52195
52200
52210
52212
52220
52230
52234
52248
52250
52258
52266
52269
52275
52302
52305
52311
52316
52318
52320
52325
52326
52332
52350
52364
52377
52380
52390
52392
52394
52395
52398
52402
52404
52410
52416
52428
52430
52437
52452
52455
52458
52460
52486
52490
52494
52500
52503
52510
52514
52520
52521
52535
52536
52540
52542
52545
52546
52548
52554
52560
52570
52572
52578
52580
52584
52590
52598
52602
52605
52611
52614
52620
52624
52626
52630
52632
52635
52638
52640
52644
52647
52650
52662
52670
52680
52682
52689
52690
52700
52716
52722
52725
52740
52745
52746
52752
52762
52767
52770
52782
52785
52788
52794
52800
52806
52808
52815
52820
52824
52830
52845
52850
52854
52858
52860
52866
52870
52878
52884
52896
52899
52920
52923
52930
52932
52934
52938
52948
52950
52954
52955
52965
52972
52976
52980
52990
52998
53004
53020
53025
53046
53053
53058
53060
53064
53074
53086
53088
53095
53100
53105
53106
53108
53110
53118
53124
53142
53144
53148
53157
53160
53170
53172
53186
53190
53193
53200
53210
53214
53218
53220
53222
53235
53238
53244
53250
53256
53262
53265
53268
53270
53274
53277
53280
53284
53286
53298
53300
53310
53314
53320
53326
53328
53346
53350
53352
53354
53360
53370
53380
53390
53394
53400
53406
53410
53418
53424
53436
53438
53445
53448
53452
53454
53460
53475
53480
53482
53490
53502
53505
53508
53515
53520
53526
53530
53534
53535
53544
53560
53562
53570
53578
53586
53590
53599
53610
53613
53618
53620
53625
53628
53630
53634
53636
53640
53650
53652
53655
53658
53664
53669
53670
53676
53680
53682
53694
53700
53710
53718
53720
53724
53730
53732
53742
53746
53751
53754
53760
53766
53768
53770
53774
53781
53788
53795
53802
53805
53808
53823
53830
53835
53844
53846
53850
53856
53862
53865
53872
53874
53878
53880
53886
53889
53890
53898
53900
53907
53910
53924
53928
53934
53935
53950
53955
53956
53958
53960
53976
53985
53988
53998
54002
54010
54012
54015
54020
54026
54030
54033
54036
54040
54050
54075
54090
54093
54094
54096
54102
54110
54114
54126
54131
54132
54138
54142
54145
54150
54162
54165
54166
54168
54186
54188
54201
54219
54222
54234
54236
54240
54250
54252
54270
54280
54282
54288
54290
54300
54306
54312
54315
54318
54320
54327
54330
54348
54360
54362
54372
54378
54384
54395
54404
54405
54417
54418
54420
54426
54435
54438
54444
54450
54460
54462
54468
54470
54474
54480
54483
54492
54495
54498
54502
54520
54522
54534
54538
54540
54549
54558
54560
54579
54582
54590
54604
54606
54610
54612
54614
54615
54626
54630
54636
54642
54648
54660
54663
54672
54678
54684
54690
54694
54696
54705
54708
54714
54717
54720
54723
54726
54730
54735
54747
54750
54758
54768
54774
54782
54786
54795
54796
54802
54808
54824
54825
54840
54846
54852
54855
54858
54860
54868
54873
54876
54890
54894
54900
54901
54908
54910
54912
54915
54924
54930
54936
54940
54945
54948
54950
54954
54960
54964
54970
54984
55002
55005
55014
55022
55029
55042
55044
55050
55055
55056
55068
55074
55080
55083
55090
55100
55104
55118
55120
55130
55131
55132
55140
55154
55158
55160
55165
55167
55170
55176
55180
55182
55185
55188
55195
55198
55200
55209
55212
55216
55220
55224
55242
55245
55250
55260
55266
55272
55275
55278
55284
55286
55300
55302
55308
55314
55315
55320
55328
55330
55332
55338
55341
55342
55350
55352
55356
55366
55370
55374
55384
55385
55386
55390
55398
55407
55410
55419
55420
55426
55428
55430
55454
55458
55460
55461
55470
55476
55480
55482
55484
55490
55500
55506
55518
55522
55524
55530
55536
55545
55550
55554
55556
55560
55572
55575
55578
55580
55594
55596
55605
55608
55610
55620
55622
55626
55632
55638
55640
55660
55670
55671
55678
55680
55685
55695
55704
55706
55710
55720
55722
55726
55734
55740
55746
55748
55752
55755
55760
55776
55790
55794
55796
55800
55803
55806
55814
55818
55822
55825
55830
55836
55842
55845
55848
55854
55862
55870
55874
55878
55880
55890
55896
55900
55902
55913
55920
55924
55926
55932
55935
55944
55950
55968
55970
55974
55980
55990
55998
56004
56010
56012
56030
56034
56040
56049
56050
56055
56056
56082
56088
56090
56110
56112
56115
56118
56120
56126
56130
56134
56140
56145
56154
56160
56168
56170
56172
56175
56190
56196
56199
56212
56220
56232
56235
56240
56244
56259
56260
56265
56270
56274
56286
56287
56290
56298
56304
56310
56316
56322
56330
56334
56340
56342
56350
56355
56358
56370
56373
56385
56388
56392
56394
56400
56434
56440
56442
56445
56460
56462
56463
56472
56474
56485
56496
56498
56502
56508
56511
56518
56520
56525
56532
56540
56544
56560
56562
56574
56588
56595
56602
56604
56606
56616
56620
56628
56630
56637
56640
56650
56661
56670
56672
56680
56682
56694
56695
56700
56706
56710
56712
56715
56718
56721
56724
56742
56745
56758
56763
56770
56772
56780
56782
56784
56790
56805
56814
56820
56823
56840
56848
56850
56854
56856
56865
56868
56870
56880
56882
56886
56892
56898
56914
56916
56922
56924
56925
56950
56952
56958
56964
56966
56970
56985
56990
57000
57015
57030
57035
57036
57040
57050
57054
57060
57070
57072
57078
57084
57086
57096
57102
57114
57130
57134
57135
57138
57148
57150
57155
57156
57162
57165
57171
57174
57178
57180
57195
57200
57204
57210
57218
57222
57225
57226
57228
57230
57239
57240
57252
57255
57260
57266
57276
57285
57290
57300
57304
57310
57316
57318
57324
57340
57342
57350
57354
57358
57360
57362
57365
57372
57378
57380
57387
57390
57400
57405
57408
57414
57426
57435
57442
57450
57456
57460
57462
57470
57474
57477
57480
57494
57498
57505
57510
57512
57519
57525
57528
57530
57534
57546
57552
57558
57564
57582
57585
57590
57594
57596
57603
57610
57615
57618
57620
57638
57640
57642
57645
57646
57652
57660
57666
57670
57680
57681
57687
57690
57694
57702
57706
57708
57710
57715
57722
57730
57732
57768
57770
57772
57780
57783
57785
57792
57794
57798
57816
57820
57822
57828
57834
57840
57846
57850
57860
57868
57870
57882
57885
57890
57900
57902
57904
57912
57915
57918
57930
57936
57939
57942
57948
57950
57954
57974
57980
57981
57988
57990
58002
58006
58014
58020
58026
58030
58032
58035
58038
58044
58045
58050
58056
58065
58072
58080
58086
58090
58092
58098
58100
58102
58116
58128
58135
58146
58149
58156
58164
58174
58179
58188
58190
58191
58194
58200
58206
58212
58218
58220
58230
58233
58236
58240
58242
58245
58260
58266
58275
58278
58280
58282
58292
58296
58300
58302
58305
58308
58310
58311
58330
58338
58350
58362
58366
58370
58374
58377
58386
58394
58395
58404
58406
58420
58425
58435
58440
58443
58446
58450
58460
58464
58466
58470
58476
58480
58485
58497
58500
58506
58512
58515
58530
58534
58539
58542
58558
58560
58562
58565
58566
58575
58578
58580
58596
58604
58608
58618
58620
58632
58638
58646
58652
58656
58660
58680
58682
58692
58696
58716
58718
58730
58734
58758
58760
58764
58765
58770
58773
58776
58782
58788
58794
58800
58812
58820
58824
58828
58838
58842
58850
58854
58860
58870
58872
58884
58900
58910
58916
58920
58930
58940
58950
58960
58962
58968
58980
58982
58986
58990
58995
59004
59007
59015
59020
59024
59040
59046
59055
59058
59059
59064
59073
59080
59082
59085
59090
59092
59094
59100
59109
59110
59115
59118
59122
59124
59126
59130
59136
59148
59150
59163
59166
59170
59178
59180
59185
59190
59210
59214
59228
59235
59241
59250
59254
59268
59274
59276
59286
59290
59295
59304
59310
59318
59325
59330
59332
59345
59346
59356
59358
59360
59364
59367
59370
59385
59388
59394
59400
59409
59410
59415
59422
59432
59436
59444
59450
59451
59455
59458
59460
59470
59472
59475
59478
59490
59496
59500
59502
59508
59510
59520
59532
59540
59550
59556
59565
59566
59568
59580
59590
59592
59595
59605
59610
59619
59620
59622
59630
59631
59644
59655
59658
59660
59664
59675
59682
59685
59690
59696
59700
59706
59708
59710
59718
59724
59736
59738
59740
59745
59748
59752
59754
59755
59760
59766
59770
59772
59774
59780
59784
59787
59790
59796
59800
59808
59820
59826
59829
59830
59840
59856
59860
59862
59865
59874
59878
59880
59885
59890
59898
59906
59910
59920
59925
59928
59930
59934
59940
59942
59943
59946
59950
59955
59961
59964
59970
59972
59976
59982
59983
59985
59990
59994
60006
60010
60018
60024
60027
60040
60066
60088
60090
60095
60099
60102
60114
60116
60120
60126
60130
60135
60138
60140
60144
60146
60150
60162
60165
60168
60170
60186
60190
60192
60198
60200
60204
60207
60210
60216
60225
60228
60230
60240
60242
60249
60255
60258
60260
60268
60280
60282
60291
60294
60298
60300
60306
60310
60312
60320
60324
60326
60330
60333
60340
60342
60346
60348
60350
60354
60357
60360
60372
60375
60378
60382
60384
60396
60398
60410
60424
60434
60435
60438
60444
60445
60452
60456
60458
60465
60480
60486
60489
60490
60494
60495
60501
60510
60515
60520
60528
60534
60536
60540
60550
60554
60555
60564
60570
60580
60582
60585
60588
60590
60600
60605
60620
60632
60634
60636
60639
60645
60648
60654
60660
60676
60680
60684
60697
60698
60702
60705
60710
60724
60726
60732
60738
60753
60756
60760
60770
60774
60775
60780
60786
60788
60792
60795
60802
60810
60816
60819
60822
60828
60840
60844
60852
60858
60860
60865
60870
60876
60879
60882
60885
60888
60894
60914
60915
60930
60940
60942
60945
60950
60960
60962
60984
61005
61006
61008
61020
61026
61028
61030
61035
61040
61047
61060
61061
61065
61068
61070
61074
61080
61090
61098
61100
61104
61116
61122
61124
61131
61132
61134
61138
61140
61146
61149
61152
61160
61161
61166
61170
61182
61190
61200
61204
61218
61242
61248
61254
61256
61260
61270
61272
61275
61278
61285
61290
61292
61295
61302
61305
61306
61308
61314
61318
61332
61334
61335
61336
61341
61350
61360
61362
61370
61374
61383
61386
61390
61418
61420
61422
61425
61438
61455
61460
61464
61470
61476
61480
61488
61494
61500
61502
61503
61506
61509
61512
61523
61540
61542
61545
61548
61560
61566
61570
61572
61578
61586
61590
61594
61596
61600
61608
61610
61614
61617
61628
61635
61640
61642
61644
61650
61655
61656
61659
61662
61670
61674
61677
61680
61686
61690
61692
61705
61712
61716
61732
61740
61746
61750
61752
61754
61755
61758
61761
61776
61778
61782
61788
61790
61800
61810
61812
61815
61820
61824
61828
61830
61842
61854
61860
61864
61866
61870
61886
61890
61902
61910
61914
61915
61920
61930
61932
61938
61940
61944
61962
61971
61974
61978
61980
61985
61992
62006
62016
62020
62031
62034
62049
62050
62054
62055
62060
62070
62076
62084
62088
62090
62094
62100
62106
62115
62124
62139
62140
62146
62150
62166
62169
62172
62178
62186
62190
62196
62202
62216
62230
62250
62260
62265
62270
62271
62274
62280
62282
62286
62292
62300
62304
62307
62320
62328
62330
62335
62340
62342
62348
62350
62356
62358
62376
62382
62390
62400
62403
62412
62415
62418
62430
62434
62436
62440
62445
62454
62458
62460
62466
62468
62472
62475
62478
62480
62484
62490
62491
62496
62502
62514
62517
62520
62524
62526
62530
62535
62538
62540
62550
62556
62560
62565
62566
62568
62582
62586
62590
62594
62595
62601
62604
62608
62610
62620
62622
62628
62640
62643
62645
62646
62650
62652
62660
62662
62664
62670
62678
62682
62685
62698
62706
62712
62715
62727
62738
62744
62745
62748
62755
62760
62764
62766
62776
62780
62805
62810
62814
62820
62826
62830
62835
62850
62853
62860
62865
62868
62874
62880
62886
62890
62894
62895
62898
62900
62909
62910
62916
62920
62928
62934
62940
62946
62952
62958
62964
62970
62972
62980
62986
62988
62997
63000
63012
63020
63024
63036
63048
63050
63054
63060
63063
63066
63074
63080
63084
63085
63090
63096
63102
63105
63114
63118
63120
63126
63130
63135
63138
63147
63150
63154
63156
63162
63168
63180
63189
63190
63195
63196
63204
63206
63220
63222
63228
63245
63246
63250
63252
63258
63273
63280
63282
63300
63308
63310
63315
63318
63327
63330
63342
63345
63350
63360
63364
63365
63366
63378
63382
63384
63388
63390
63393
63410
63414
63426
63427
63434
63438
63440
63441
63444
63448
63450
63460
63462
63468
63470
63474
63480
63490
63495
63498
63516
63518
63525
63540
63550
63555
63558
63560
63574
63580
63588
63591
63595
63597
63600
63602
63609
63612
63618
63624
63635
63640
63648
63650
63660
63665
63672
63674
63684
63687
63700
63705
63710
63720
63732
63735
63742
63745
63750
63765
63770
63778
63780
63784
63798
63800
63802
63804
63810
63812
63822
63825
63826
63830
63852
63855
63858
63860
63870
63882
63894
63900
63903
63918
63920
63921
63924
63930
63940
63945
63966
63973
63980
63984
63986
63987
63990
64005
64008
64010
64014
64015
64022
64030
64032
64038
64042
64056
64064
64068
64070
64074
64077
64078
64080
64086
64092
64106
64108
64110
64113
64116
64119
64120
64124
64130
64134
64140
64148
64158
64176
64182
64185
64190
64194
64200
64206
64220
64230
64232
64236
64239
64240
64242
64246
64262
64272
64284
64285
64290
64294
64295
64296
64302
64306
64308
64310
64311
64320
64326
64328
64330
64344
64356
64362
64365
64370
64372
64386
64390
64400
64414
64416
64430
64438
64440
64446
64449
64452
64454
64460
64464
64467
64480
64482
64491
64498
64500
64505
64506
64524
64526
64530
64532
64540
64542
64545
64548
64560
64566
64570
64575
64578
64581
64584
64590
64596
64600
64602
64605
64614
64617
64620
64630
64635
64636
64638
64650
64660
64662
64666
64668
64670
64676
64695
64698
64701
64702
64710
64713
64714
64728
64746
64750
64752
64758
64764
64766
64779
64780
64782
64785
64792
64806
64812
64815
64818
64820
64821
64824
64830
64834
64842
64844
64845
64848
64855
64862
64866
64870
64872
64878
64883
64900
64902
64904
64906
64911
64914
64920
64922
64923
64930
64932
64935
64938
64940
64944
64950
64960
64965
64970
64980
64988
64990
64995
64998
65016
65018
65026
65030
65037
65040
65044
65046
65052
65058
65065
65070
65090
65094
65110
65120
65136
65145
65148
65156
65160
65163
65170
65175
65178
65182
65184
65195
65205
65212
65220
65226
65230
65238
65240
65246
65247
65250
65254
65260
65262
65265
65268
65270
65280
65286
65296
65320
65322
65325
65330
65331
65338
65340
65352
65360
65364
65366
65370
65373
65379
65380
65382
65390
65394
65395
65400
65406
65410
65412
65415
65416
65424
65430
65442
65455
65460
65472
65478
65481
65484
65494
65505
65508
65514
65518
65526
65527
65532
65534
65535
65538
65540
65560
65562
65565
65569
65570
65580
65586
65590
65598
65618
65620
65626
65637
65640
65646
65650
65658
65660
65667
65676
65682
65685
65700
65702
65706
65714
65715
65720
65736
65740
65751
65754
65758
65760
65766
65772
65778
65786
65793
65800
65802
65805
65814
65820
65826
65830
65832
65844
65846
65850
65858
65860
65868
65870
65880
65884
65886
65890
65892
65895
65898
65910
65912
65919
65926
65928
65930
65934
65946
65949
65960
65962
65964
65968
65970
65975
65982
65985
65988
65994
66000
66006
66024
66033
66038
66040
66044
66054
66060
66062
66080
66082
66090
66092
66102
66105
66108
66110
66126
66129
66130
66132
66138
66144
66150
66154
66156
66164
66165
66170
66171
66174
66178
66180
66185
66192
66196
66210
66215
66216
66222
66230
66240
66246
66255
66264
66270
66276
66286
66290
66294
66297
66306
66310
66318
66332
66340
66348
66352
66374
66381
66385
66390
66396
66405
66410
66420
66435
66440
66444
66450
66456
66458
66465
66468
66470
66480
66486
66490
66500
66504
66510
66516
66521
66526
66528
66534
66538
66540
66552
66555
66572
66576
66584
66585
66588
66594
66598
66600
66605
66606
66630
66633
66638
66640
66642
66650
66654
66666
66670
66674
66675
66682
66693
66696
66700
66708
66710
66720
66726
66729
66732
66738
66740
66742
66748
66750
66759
66766
66768
66770
66774
66792
66794
66795
66804
66815
66820
66830
66834
66836
66840
66846
66850
66858
66861
66864
66870
66878
66880
66882
66885
66898
66900
66906
66912
66918
66920
66924
66946
66948
66950
66960
66963
66970
66975
66976
66980
66994
67002
67014
67020
67022
67032
67035
67044
67045
67050
67053
67056
67060
67065
67067
67070
67074
67089
67095
67098
67100
67106
67110
67122
67130
67134
67137
67140
67144
67146
67150
67155
67160
67164
67165
67166
67170
67184
67188
67200
67206
67218
67221
67222
67230
67235
67236
67242
67252
67254
67266
67270
67275
67284
67290
67305
67308
67310
67314
67326
67332
67338
67344
67350
67353
67354
67362
67368
67374
67380
67386
67390
67396
67398
67404
67405
67422
67425
67430
67431
67440
67445
67450
67466
67480
67482
67485
67488
67490
67494
67496
67510
67512
67515
67518
67522
67524
67530
67536
67540
67545
67548
67550
67551
67560
67562
67564
67570
67574
67575
67578
67580
67590
67592
67596
67599
67602
67606
67614
67626
67628
67640
67660
67662
67665
67670
67678
67680
67683
67686
67690
67694
67716
67725
67728
67730
67732
67734
67735
67740
67746
67758
67760
67770
67773
67774
67788
67795
67800
67802
67804
67815
67818
67821
67848
67850
67854
67858
67870
67872
67886
67893
67896
67900
67914
67920
67925
67932
67935
67938
67940
67942
67944
67947
67950
67956
67962
67965
67970
67977
67983
67990
67998
68005
68010
68016
68019
68020
68026
68040
68046
68052
68055
68058
68060
68070
68076
68080
68082
68085
68090
68094
68100
68103
68110
68112
68115
68120
68124
68130
68134
68136
68138
68142
68150
68154
68160
68166
68170
68178
68180
68187
68190
68198
68200
68208
68210
68211
68220
68222
68226
68238
68244
68255
68262
68264
68265
68266
68280
68286
68289
68292
68295
68302
68306
68320
68322
68324
68328
68334
68343
68354
68355
68362
68380
68382
68385
68388
68390
68400
68406
68418
68420
68425
68430
68432
68440
68448
68470
68474
68475
68476
68478
68484
68490
68495
68502
68508
68514
68520
68523
68540
68541
68544
68550
68552
68556
68558
68562
68565
68572
68574
68580
68585
68595
68598
68610
68614
68620
68634
68635
68646
68655
68666
68676
68680
68684
68685
68700
68705
68706
68712
68714
68718
68724
68740
68742
68748
68754
68757
68760
68761
68766
68770
68772
68775
68780
68790
68794
68796
68799
68805
68808
68810
68816
68817
68835
68850
68856
68860
68862
68870
68874
68882
68886
68894
68900
68901
68904
68908
68910
68913
68915
68922
68926
68930
68940
68950
68952
68964
68978
68985
68991
69000
69003
69010
69015
69027
69036
69042
69046
69048
69054
69058
69060
69078
69080
69084
69102
69105
69108
69122
69126
69130
69132
69135
69138
69144
69146
69150
69153
69156
69165
69168
69174
69180
69186
69195
69198
69204
69207
69210
69216
69222
69223
69225
69234
69240
69252
69264
69270
69276
69278
69285
69290
69310
69316
69322
69324
69330
69345
69350
69355
69360
69366
69368
69370
69372
69377
69378
69384
69388
69390
69394
69402
69405
69410
69412
69414
69430
69432
69438
69440
69445
69450
69454
69460
69462
69465
69468
69480
69483
69486
69495
69496
69498
69502
69513
69520
69524
69530
69531
69542
69546
69550
69552
69560
69570
69576
69580
69594
69597
69598
69600
69608
69618
69636
69642
69650
69657
69660
69666
69678
69680
69685
69692
69700
69706
69708
69730
69732
69734
69738
69740
69745
69748
69750
69768
69774
69780
69782
69784
69790
69795
69804
69806
69825
69828
69832
69834
69836
69840
69846
69850
69860
69861
69864
69874
69882
69888
69890
69894
69900
69905
69906
69915
69916
69918
69920
69927
69936
69940
69948
69954
69958
69966
69972
69978
69990
69993
69996
70004
70005
70006
70014
70015
70020
70026
70028
70030
70040
70044
70050
70056
70060
70074
70077
70080
70090
70091
70092
70098
70104
70125
70148
70150
70152
70158
70161
70170
70176
70180
70182
70196
70200
70215
70218
70226
70230
70238
70242
70245
70246
70252
70260
70265
70266
70280
70296
70300
70305
70308
70310
70312
70320
70329
70330
70334
70338
70370
70374
70378
70392
70395
70406
70410
70414
70420
70422
70440
70446
70448
70452
70460
70470
70476
70482
70485
70488
70494
70499
70500
70510
70512
70520
70525
70530
70532
70550
70554
70560
70564
70566
70584
70587
70596
70602
70610
70616
70618
70623
70626
70630
70635
70638
70642
70644
70650
70665
70668
70670
70692
70700
70702
70707
70710
70716
70720
70725
70728
70730
70735
70737
70740
70742
70746
70752
70755
70760
70782
70785
70788
70794
70798
70800
70810
70812
70824
70830
70850
70851
70854
70860
70863
70866
70870
70876
70882
70884
70889
70896
70902
70905
70908
70910
70914
70917
70920
70924
70928
70930
70932
70938
70941
70959
70965
70966
70970
70990
70992
70994
71004
71010
71016
71020
71036
71040
71043
71050
71052
71058
71064
71071
71079
71082
71085
71094
71100
71106
71110
71115
71120
71126
71130
71136
71142
71145
71148
71154
71155
71160
71166
71170
71175
71176
71196
71205
71208
71220
71225
71230
71232
71238
71240
71247
71250
71253
71258
71260
71262
71274
71280
71288
71292
71295
71298
71300
71302
71310
71316
71330
71331
71337
71355
71358
71364
71379
71380
71390
71394
71410
71412
71421
71422
71430
71434
71435
71440
71445
71448
71456
71460
71463
71466
71470
71478
71490
71500
71502
71505
71508
71514
71520
71530
71535
71540
71544
71550
71553
71554
71556
71565
71568
71570
71574
71580
71586
71592
71595
71604
71622
71628
71638
71640
71643
71645
71652
71655
71668
71670
71676
71682
71688
71690
71694
71700
71708
71709
71710
71715
71720
71722
71724
71730
71734
71736
71740
71742
71750
71757
71764
71775
71778
71780
71786
71790
71796
71799
71806
71808
71810
71830
71832
71838
71841
71850
71852
71858
71868
71876
71877
71880
71896
71898
71904
71916
71918
71920
71925
71934
71946
71955
71958
71960
71967
71970
71974
71978
71980
71982
71988
71990
71994
71995
72002
72006
72010
72012
72020
72030
72036
72039
72044
72046
72048
72050
72051
72060
72065
72078
72080
72086
72090
72094
72098
72100
72102
72120
72124
72135
72138
72156
72160
72162
72165
72168
72170
72174
72180
72182
72186
72198
72204
72215
72216
72219
72220
72226
72228
72230
72254
72261
72267
72268
72276
72280
72282
72285
72292
72300
72303
72306
72310
72312
72314
72318
72324
72330
72335
72336
72352
72354
72358
72360
72366
72369
72372
72384
72402
72408
72410
72435
72436
72446
72447
72462
72468
72471
72474
72478
72480
72485
72488
72490
72492
72498
72504
72510
72520
72522
72542
72546
72555
72556
72558
72562
72580
72588
72594
72600
72610
72611
72615
72624
72630
72633
72644
72645
72666
72670
72674
72675
72680
72688
72690
72695
72696
72702
72705
72708
72709
72710
72720
72730
72735
72744
72750
72756
72760
72762
72765
72770
72772
72774
72780
72786
72790
72795
72798
72800
72810
72816
72820
72822
72828
72834
72840
72842
72846
72850
72852
72864
72865
72884
72885
72890
72891
72898
72906
72910
72912
72924
72933
72940
72954
72956
72960
72964
72974
72975
72980
72982
72990
72998
73005
73010
73014
73017
73020
73030
73032
73040
73050
73060
73062
73066
73073
73074
73086
73094
73095
73098
73100
73110
73112
73122
73128
73130
73134
73138
73146
73158
73160
73170
73186
73188
73190
73194
73200
73206
73220
73226
73227
73230
73236
73242
73245
73248
73254
73255
73270
73272
73278
73284
73302
73304
73308
73315
73326
73332
73338
73340
73346
73350
73359
73360
73365
73372
73374
73380
73390
73392
73395
73398
73410
73414
73425
73428
73430
73437
73440
73444
73450
73455
73476
73480
73482
73485
73486
73491
73500
73502
73508
73514
73515
73524
73528
73535
73556
73560
73563
73566
73570
73580
73584
73593
73602
73605
73606
73610
73612
73620
73623
73626
73630
73632
73640
73644
73645
73650
73656
73660
73668
73670
73678
73680
73682
73689
73692
73698
73700
73704
73718
73720
73722
73730
73738
73740
73746
73749
73752
73755
73758
73766
73770
73776
73790
73794
73800
73810
73814
73834
73836
73840
73842
73848
73850
73854
73860
73865
73866
73870
73876
73878
73882
73884
73890
73892
73899
73902
73905
73910
73914
73932
73935
73944
73948
73962
73968
73970
73980
73983
73990
74004
74010
74018
74022
74025
74028
74030
74035
74037
74040
74052
74060
74070
74085
74090
74094
74095
74102
74106
74118
74120
74124
74140
74148
74151
74152
74154
74160
74165
74166
74172
74175
74178
74184
74190
74195
74200
74202
74205
74210
74217
74220
74222
74226
74228
74230
74235
74244
74250
74260
74270
74280
74292
74295
74305
74307
74310
74316
74328
74334
74338
74347
74354
74360
74385
74390
74400
74404
74410
74412
74415
74418
74424
74426
74430
74438
74442
74445
74448
74451
74466
74470
74472
74480
74481
74494
74508
74514
74518
74520
74530
74538
74542
74555
74556
74562
74568
74571
74586
74592
74594
74610
74630
74634
74635
74640
74648
74655
74658
74664
74676
74679
74685
74694
74700
74704
74710
74712
74715
74718
74724
74732
74734
74740
74745
74746
74750
74766
74772
74778
74784
74790
74796
74800
74814
74822
74830
74834
74841
74844
74850
74860
74866
74868
74880
74886
74888
74898
74900
74906
74907
74919
74928
74930
74932
74934
74936
74940
74942
74949
74955
74958
74965
74976
74980
74984
74994
74998
75010
75020
75026
75036
75040
75042
75048
75050
75054
75060
75072
75078
75082
75090
75096
75108
75114
75120
75126
75130
75138
75140
75144
75145
75150
75152
75153
75164
75166
75190
75192
75194
75198
75207
75208
75218
75222
75225
75250
75255
75258
75260
75276
75278
75284
75285
75294
75300
75310
75320
75327
75330
75335
75336
75342
75350
75354
75360
75361
75366
75369
75372
75378
75394
75396
75400
75402
75405
75420
75426
75430
75432
75435
75438
75440
75446
75450
75460
75465
75468
75474
75482
75486
75495
75504
75510
75522
75525
75537
75540
75544
75548
75555
75558
75565
75576
75578
75579
75594
75600
75603
75614
75620
75621
75624
75628
75630
75636
75640
75642
75650
75658
75680
75686
75690
75696
75705
75710
75720
75726
75735
75738
75740
75750
75756
75762
75764
75774
75777
75780
75786
75795
75820
75828
75831
75834
75840
75845
75850
75852
75854
75855
75858
75864
75870
75880
75888
75905
75915
75920
75924
75930
75933
75936
75945
75946
75950
75960
75966
75970
75972
75978
75980
75981
75985
75992
75998
75999
76002
76006
76010
76014
76024
76035
76041
76050
76055
76062
76065
76074
76080
76090
76092
76095
76098
76104
76120
76125
76128
76130
76140
76146
76152
76153
76154
76160
76164
76167
76170
76180
76188
76190
76194
76200
76206
76209
76212
76220
76228
76242
76254
76258
76266
76270
76272
76284
76285
76290
76296
76300
76310
76320
76323
76328
76330
76335
76340
76342
76350
76356
76360
76368
76370
76384
76386
76395
76405
76406
76410
76415
76422
76426
76428
76446
76450
76452
76454
76461
76466
76470
76475
76479
76482
76500
76505
76506
76510
76516
76518
76524
76530
76538
76540
76551
76566
76580
76596
76602
76608
76610
76615
76620
76622
76626
76629
76630
76632
76635
76636
76638
76648
76659
76665
76674
76680
76700
76704
76710
76713
76720
76722
76725
76728
76734
76738
76740
76752
76758
76760
76770
76776
76780
76782
76790
76791
76797
76798
76804
76806
76812
76820
76824
76836
76840
76845
76846
76850
76857
76866
76874
76884
76902
76912
76916
76920
76923
76930
76934
76935
76942
76944
76950
76956
76958
76960
76962
76965
76970
76980
76995
76998
77000
77004
77007
77022
77025
77028
77034
77035
77040
77044
77050
77055
77064
77066
77080
77082
77088
77090
77100
77106
77110
77112
77115
77121
77130
77145
77160
77165
77168
77172
77178
77180
77182
77196
77210
77214
77226
77231
77235
77238
77244
77250
77252
77256
77259
77262
77265
77268
77285
77286
77290
77292
77298
77308
77310
77314
77316
77322
77340
77343
77349
77352
77364
77367
77370
77376
77380
77390
77400
77415
77420
77441
77448
77454
77460
77462
77469
77470
77478
77480
77484
77486
77506
77510
77526
77539
77546
77556
77558
77560
77562
77572
77574
77580
77586
77588
77592
77595
77602
77604
77605
77616
77622
77630
77634
77640
77644
77649
77655
77658
77660
77662
77670
77672
77682
77686
77688
77690
77691
77694
77710
77714
77715
77720
77724
77730
77736
77740
77742
77745
77766
77775
77778
77784
77786
77790
77792
77810
77814
77818
77820
77830
77832
77836
77840
77844
77847
77850
77854
77860
77862
77865
77868
77870
77894
77896
77900
77916
77922
77924
77928
77934
77935
77938
77940
77945
77946
77952
77958
77964
77973
77979
77980
77982
77988
77990
77994
77996
78000
78010
78012
78015
78020
78030
78036
78039
78045
78050
78052
78060
78064
78070
78085
78100
78105
78108
78110
78114
78122
78126
78130
78132
78144
78150
78155
78156
78162
78166
78174
78177
78180
78182
78183
78186
78190
78195
78200
78204
78218
78225
78228
78232
78240
78242
78246
78255
78270
78276
78280
78285
78288
78300
78302
78306
78309
78310
78312
78315
78318
78320
78324
78338
78342
78351
78358
78360
78364
78366
78370
78372
78375
78384
78386
78387
78396
78402
78414
78420
78432
78435
78438
78440
78442
78450
78455
78456
78468
78477
78480
78486
78490
78492
78498
78507
78510
78518
78520
78522
78526
78554
78561
78568
78570
78582
78584
78585
78588
78590
78591
78600
78603
78606
78610
78624
78630
78638
78642
78645
78648
78650
78666
78672
78676
78678
78680
78684
78694
78702
78705
78706
78708
78710
78715
78720
78729
78735
78736
78738
78740
78744
78750
78760
78764
78765
78771
78774
78778
78792
78793
78795
78798
78804
78806
78812
78819
78820
78822
78834
78840
78846
78850
78855
78858
78862
78864
78876
78880
78884
78888
78890
78897
78900
78910
78914
78918
78925
78926
78930
78942
78945
78948
78958
78966
78970
78980
78982
78988
78990
78995
78996
79005
79014
79016
79020
79023
79030
79032
79035
79040
79044
79060
79065
79068
79074
79079
79080
79086
79090
79100
79101
79110
79112
79116
79118
79120
79128
79130
79134
79135
79140
79143
79152
79156
79158
79178
79180
79182
79194
79200
79205
79206
79220
79222
79235
79236
79240
79242
79248
79260
79266
79268
79275
79278
79287
79288
79290
79296
79300
79305
79320
79326
79332
79335
79338
79344
79350
79352
79356
79373
79378
79380
79386
79390
79394
79395
79398
79401
79404
79410
79420
79430
79431
79440
79442
79443
79450
79460
79470
79476
79482
79485
79492
79500
79506
79508
79515
79518
79520
79540
79548
79550
79566
79570
79572
79580
79596
79605
79608
79610
79611
79618
79620
79626
79629
79632
79638
79640
79650
79660
79665
79670
79674
79680
79686
79690
79692
79698
79710
79722
79728
79734
79740
79750
79755
79758
79764
79765
79770
79772
79779
79786
79788
79790
79806
79810
79815
79818
79820
79827
79830
79833
79838
79842
79846
79849
79856
79860
79866
79870
79884
79890
79898
79900
79902
79905
79910
79914
79920
79924
79940
79948
79968
79970
79971
79982
79989
79990
79992
79994
79998
80002
80004
80025
80028
80030
80031
80036
80052
80058
80066
80073
80085
80088
80094
80100
80104
80106
80115
80122
80124
80130
80132
80135
80136
80142
80145
80150
80154
80155
80157
80160
80166
80172
80180
80184
80185
80190
80196
80199
80206
80210
80214
80223
80230
80234
80238
80240
80250
80256
80262
80270
80274
80276
80278
80280
80295
80300
80301
80304
80310
80316
80322
80325
80330
80332
80346
80355
80358
80360
80364
80366
80367
80376
80385
80400
80418
80427
80442
80444
80445
80446
80460
80465
80470
80472
80475
80476
80478
80484
80490
80496
80500
80510
80514
80522
80538
80542
80546
80550
80556
80560
80562
80565
80570
80574
80586
80592
80600
80610
80619
80620
80626
80630
80634
80640
80655
80660
80661
80665
80668
80670
80674
80678
80685
80696
80700
80710
80712
80718
80724
80738
80740
80745
80750
80754
80760
80766
80769
80770
80772
80780
80784
80790
80794
80795
80817
80820
80822
80826
80830
80835
80840
80845
80852
80860
80868
80878
80880
80883
80892
80898
80916
80920
80925
80938
80955
80958
80960
80964
80970
80976
80982
80988
80997
81003
81004
81006
81012
81015
81016
81018
81026
81039
81042
81048
81054
81055
81066
81070
81075
81081
81084
81092
81096
81098
81102
81114
81120
81141
81144
81150
81165
81168
81172
81174
81186
81190
81192
81198
81200
81204
81210
81213
81220
81224
81228
81235
81240
81246
81249
81252
81258
81260
81263
81276
81290
81294
81300
81302
81305
81310
81312
81315
81320
81326
81328
81330
81340
81360
81366
81370
81374
81375
81378
81380
81390
81400
81406
81410
81426
81430
81432
81435
81438
81444
81445
81450
81466
81468
81474
81490
81498
81508
81515
81522
81528
81530
81532
81534
81540
81543
81548
81549
81550
81558
81564
81570
81576
81585
81588
81590
81592
81600
81614
81618
81624
81627
81630
81640
81642
81650
81654
81660
81662
81666
81672
81686
81696
81700
81702
81705
81708
81718
81719
81720
81726
81730
81732
81738
81740
81744
81750
81753
81760
81765
81786
81788
81804
81807
81809
81810
81816
81822
81830
81834
81838
81844
81852
81855
81858
81870
81872
81874
81880
81885
81890
81915
81918
81921
81926
81928
81930
81939
81940
81942
81950
81954
81960
81966
81970
81972
81978
81984
81990
81991
82002
82004
82008
82010
82012
82020
82026
82030
82038
82040
82041
82042
82044
82050
82056
82060
82062
82068
82070
82080
82095
82104
82128
82130
82137
82140
82150
82152
82156
82160
82164
82173
82180
82186
82200
82203
82214
82215
82218
82225
82230
82246
82248
82250
82251
82260
82264
82270
82278
82280
82305
82314
82320
82335
82340
82344
82346
82348
82350
82355
82360
82365
82368
82380
82386
82398
82404
82416
82420
82422
82425
82434
82440
82450
82455
82467
82470
82474
82476
82478
82482
82485
82488
82490
82498
82500
82502
82510
82518
82524
82533
82536
82544
82550
82555
82560
82563
82566
82570
82572
82574
82584
82586
82590
82593
82600
82602
82610
82614
82615
82620
82621
82626
82628
82632
82635
82644
82654
82656
82662
82665
82670
82677
82695
82705
82708
82710
82716
82719
82720
82722
82726
82731
82732
82745
82754
82758
82764
82775
82782
82786
82790
82797
82800
82806
82810
82812
82818
82820
82836
82838
82840
82845
82852
82860
82866
82875
82878
82880
82890
82892
82894
82896
82902
82908
82914
82915
82920
82926
82929
82935
82938
82954
82956
82960
82962
82980
82984
82990
82995
82998
83010
83013
83018
83020
83022
83030
83034
83040
83049
83050
83055
83058
83062
83080
83082
83083
83085
83090
83094
83096
83100
83118
83122
83139
83142
83145
83148
83166
83172
83174
83181
83182
83202
83204
83210
83214
83215
83235
83237
83244
83250
83258
83260
83266
83270
83280
83283
83286
83292
83300
83304
83310
83314
83316
83325
83328
83330
83340
83346
83352
83356
83358
83380
83382
83385
83390
83391
83394
83398
83400
83402
83410
83412
83415
83420
83421
83424
83426
83430
83433
83435
83436
83440
83448
83454
83468
83470
83472
83475
83482
83496
83505
83510
83512
83514
83517
83520
83524
83545
83550
83556
83559
83562
83566
83570
83578
83589
83590
83600
83610
83616
83620
83628
83634
83636
83638
83650
83655
83657
83658
83660
83664
83670
83674
83676
83678
83685
83688
83700
83706
83710
83721
83730
83733
83740
83742
83748
83754
83760
83762
83766
83772
83776
83780
83793
83798
83804
83805
83810
83811
83814
83830
83832
83838
83842
83844
83846
83860
83868
83874
83880
83898
83902
83904
83910
83916
83922
83928
83940
83946
83950
83952
83955
83958
83970
83979
83985
83990
83996
84000
84006
84010
84014
84030
84036
84040
84045
84048
84056
84058
84060
84065
84070
84072
84075
84090
84102
84105
84108
84110
84120
84126
84130
84132
84134
84135
84138
84140
84162
84165
84168
84170
84175
84189
84194
84196
84201
84214
84216
84227
84234
84238
84240
84245
84246
84249
84255
84258
84260
84266
84270
84280
84282
84286
84294
84300
84303
84320
84322
84330
84336
84348
84350
84354
84357
84364
84366
84372
84378
84392
84396
84405
84410
84414
84422
84434
84435
84436
84444
84448
84450
84455
84456
84460
84462
84474
84480
84495
84502
84504
84506
84510
84513
84524
84525
84530
84534
84535
84540
84550
84552
84558
84560
84570
84582
84590
84594
84600
84606
84609
84612
84624
84626
84645
84651
84656
84665
84666
84678
84680
84686
84690
84693
84694
84700
84702
84708
84710
84711
84714
84720
84728
84730
84732
84735
84738
84740
84744
84747
84750
84755
84756
84760
84762
84770
84774
84777
84778
84780
84786
84788
84790
84796
84798
84804
84812
84816
84822
84825
84826
84830
84846
84847
84864
84876
84890
84898
84900
84903
84906
84909
84910
84912
84915
84916
84920
84924
84940
84942
84945
84952
84960
84966
84968
84970
84972
84975
84980
84987
84990
84994
85002
85026
85030
85034
85044
85050
85065
85068
85070
85074
85078
85080
85086
85090
85092
85095
85098
85100
85110
85116
85118
85120
85134
85137
85146
85150
85155
85158
85162
85164
85173
85176
85188
85190
85200
85202
85204
85206
85218
85224
85228
85230
85238
85239
85250
85254
85278
85280
85281
85284
85290
85302
85305
85306
85310
85314
85316
85320
85323
85332
85338
85340
85344
85350
85358
85360
85362
85365
85371
85374
85380
85398
85400
85404
85405
85422
85425
85428
85434
85436
85440
85442
85446
85449
85462
85476
85484
85485
85488
85490
85491
85492
85498
85500
85510
85512
85514
85526
85527
85530
85542
85550
85554
85566
85570
85575
85578
85580
85590
85595
85596
85602
85605
85608
85610
85614
85618
85620
85624
85626
85629
85635
85638
85644
85646
85650
85652
85656
85666
85668
85670
85674
85692
85695
85701
85710
85715
85728
85734
85740
85746
85748
85764
85766
85767
85770
85778
85782
85790
85794
85806
85813
85820
85822
85827
85830
85836
85839
85840
85842
85845
85848
85850
85854
85855
85860
85866
85869
85870
85878
85880
85884
85899
85902
85904
85905
85910
85914
85918
85920
85930
85935
85950
85960
85965
85980
85986
85988
85994
85995
85998
86025
86028
86030
86034
86037
86040
86043
86052
86058
86060
86064
86072
86088
86106
86108
86110
86112
86118
86135
86136
86140
86142
86154
86156
86160
86163
86170
86172
86178
86180
86184
86196
86198
86205
86210
86220
86226
86229
86240
86241
86242
86250
86254
86258
86260
86262
86275
86280
86284
86286
86292
86295
86296
86298
86304
86317
86320
86328
86330
86340
86346
86350
86352
86355
86358
86360
86366
86370
86372
86376
86380
86385
86388
86390
86412
86415
86420
86424
86428
86445
86457
86469
86480
86490
86496
86502
86505
86506
86510
86530
86541
86548
86550
86559
86562
86564
86565
86570
86574
86583
86590
86592
86595
86598
86602
86604
86610
86614
86618
86620
86625
86632
86640
86645
86646
86652
86655
86660
86664
86670
86674
86676
86680
86688
86691
86700
86702
86715
86716
86718
86724
86735
86736
86742
86754
86760
86762
86765
86768
86772
86775
86800
86820
86826
86830
86835
86838
86840
86850
86853
86860
86862
86868
86880
86884
86892
86898
86900
86904
86905
86910
86920
86922
86925
86944
86946
86950
86961
86966
86986
86988
86996
87000
87006
87009
87020
87024
87030
87032
87042
87045
87048
87054
87058
87060
87066
87074
87078
87080
87084
87090
87096
87098
87100
87110
87115
87120
87126
87132
87135
87138
87142
87153
87162
87164
87165
87170
87172
87174
87178
87180
87185
87186
87192
87204
87216
87220
87240
87246
87248
87252
87255
87261
87262
87270
87276
87282
87285
87295
87300
87308
87312
87318
87320
87324
87340
87346
87348
87354
87380
87381
87384
87390
87395
87400
87402
87406
87414
87423
87430
87435
87444
87462
87465
87468
87472
87474
87482
87486
87490
87492
87494
87495
87505
87510
87514
87522
87528
87535
87538
87540
87542
87549
87550
87555
87556
87560
87576
87580
87582
87584
87590
87591
87594
87600
87606
87609
87612
87615
87618
87620
87626
87633
87636
87640
87648
87654
87660
87666
87668
87670
87672
87675
87685
87696
87699
87702
87703
87710
87714
87724
87730
87738
87740
87745
87750
87754
87756
87768
87770
87792
87801
87802
87810
87815
87828
87837
87840
87843
87850
87854
87860
87864
87882
87885
87892
87894
87900
87910
87912
87920
87924
87927
87930
87932
87934
87948
87954
87958
87960
87962
87969
87970
87975
87980
87984
87986
88008
88010
88011
88020
88023
88026
88032
88038
88040
88046
88050
88062
88065
88068
88074
88077
88080
88086
88088
88090
88095
88102
88116
88122
88130
88134
88146
88150
88158
88160
88164
88165
88170
88172
88176
88182
88198
88200
88205
88206
88218
88220
88228
88236
88245
88257
88260
88264
88266
88274
88275
88284
88290
88296
88298
88305
88308
88312
88314
88319
88320
88322
88326
88330
88332
88335
88340
88356
88365
88366
88368
88380
88382
88389
88392
88395
88396
88400
88404
88407
88426
88430
88450
88452
88458
88464
88466
88470
88473
88476
88478
88480
88485
88494
88500
88502
88504
88506
88508
88510
88515
88540
88548
88560
88566
88570
88572
88580
88590
88595
88596
88605
88608
88616
88634
88635
88642
88644
88650
88655
88662
88665
88680
88682
88683
88686
88689
88690
88692
88704
88710
88711
88722
88725
88726
88730
88734
88746
88755
88760
88764
88774
88780
88788
88790
88795
88800
88803
88806
88810
88815
88816
88818
88825
88836
88844
88854
88858
88860
88872
88880
88881
88890
88893
88900
88902
88908
88910
88924
88935
88944
88946
88950
88956
88968
88972
88977
88980
88990
88995
89001
89012
89022
89030
89046
89050
89052
89060
89070
89076
89080
89082
89089
89090
89094
89096
89100
89102
89112
89115
89124
89130
89133
89142
89145
89154
89160
89170
89175
89178
89180
89182
89187
89190
89194
89199
89205
89206
89208
89210
89220
89232
89238
89240
89243
89244
89262
89265
89268
89270
89271
89280
89284
89286
89292
89298
89300
89318
89334
89340
89342
89349
89352
89358
89362
89364
89370
89376
89378
89380
89385
89386
89388
89390
89394
89397
89400
89404
89414
89418
89420
89436
89440
89445
89452
89454
89470
89474
89488
89496
89502
89505
89516
89518
89520
89526
89530
89535
89540
89550
89556
89565
89570
89580
89585
89586
89590
89595
89598
89604
89607
89614
89622
89635
89640
89642
89646
89650
89652
89655
89658
89661
89676
89680
89688
89694
89698
89705
89712
89718
89730
89740
89745
89754
89770
89775
89778
89782
89784
89794
89796
89804
89810
89815
89817
89820
89826
89830
89832
89835
89845
89850
89859
89862
89886
89890
89892
89895
89900
89908
89910
89913
89914
89916
89922
89925
89930
89934
89936
89940
89946
89947
89950
89960
89964
89970
89976
89980
89985
89994
89999
90006
90012
90015
90020
90022
90024
90030
90034
90036
90042
90045
90048
90055
90066
90068
90100
90114
90117
90118
90120
90134
90138
90146
90150
90155
90156
90160
90168
90170
90180
90190
90195
90200
90202
90206
90216
90219
90220
90222
90228
90230
90240
90244
90246
90252
90255
90258
90272
90280
90282
90285
90288
90294
90298
90306
90310
90312
90324
90330
90335
90342
90345
90350
90354
90360
90363
90364
90365
90370
90372
90376
90384
90398
90405
90426
90428
90447
90450
90454
90465
90468
90470
90474
90475
90482
90486
90489
90516
90519
90520
90522
90524
90525
90528
90530
90534
90538
90540
90545
90552
90558
90570
90573
90574
90576
90580
90582
90585
90594
90596
90597
90600
90615
90618
90620
90640
90644
90650
90651
90654
90660
90662
90666
90675
90684
90687
90690
90692
90695
90710
90712
90714
90720
90730
90735
90740
90741
90744
90750
90762
90768
90770
90783
90790
90792
90798
90805
90810
90816
90818
90820
90825
90830
90831
90840
90846
90850
90852
90858
90882
90885
90888
90890
90896
90900
90902
90906
90909
90916
90942
90945
90950
90951
90954
90958
90960
90965
90970
90972
90978
90984
90986
90990
91000
91002
91010
91026
91035
91047
91050
91052
91056
91060
91065
91070
91074
91078
91098
91102
91104
91105
91110
91120
91124
91126
91130
91134
91143
91146
91154
91155
91160
91164
91168
91170
91176
91180
91188
91190
91195
91200
91203
91205
91210
91212
91218
91224
91230
91234
91242
91254
91256
91260
91273
91278
91280
91300
91308
91310
91314
91320
91322
91326
91332
91338
91344
91356
91364
91371
91374
91377
91378
91380
91388
91392
91416
91420
91425
91428
91430
91434
91440
91443
91448
91450
91460
91462
91464
91466
91470
91476
91482
91485
91490
91500
91504
91506
91509
91512
91518
91520
91524
91530
91540
91545
91546
91553
91572
91574
91575
91580
91586
91596
91602
91605
91608
91620
91632
91635
91637
91640
91644
91656
91665
91670
91674
91676
91680
91690
91700
91707
91710
91715
91728
91732
91749
91756
91758
91760
91762
91780
91784
91785
91790
91791
91798
91800
91805
91812
91830
91834
91840
91845
91848
91850
91860
91866
91868
91872
91885
91890
91896
91902
91905
91908
91920
91922
91930
91932
91945
91950
91956
91959
91960
91962
91970
91977
91982
91988
91998
92001
92008
92010
92015
92020
92022
92026
92036
92046
92050
92055
92058
92064
92082
92085
92100
92110
92112
92114
92115
92118
92120
92127
92136
92140
92148
92150
92157
92158
92162
92169
92170
92180
92184
92196
92202
92204
92208
92214
92225
92226
92230
92232
92246
92250
92253
92260
92268
92274
92276
92278
92280
92290
92295
92300
92302
92316
92322
92326
92330
92334
92340
92344
92345
92352
92355
92358
92364
92365
92370
92379
92380
92382
92391
92394
92412
92414
92415
92418
92435
92454
92456
92463
92466
92470
92484
92490
92496
92505
92508
92510
92514
92520
92526
92530
92532
92535
92538
92540
92547
92550
92554
92560
92565
92574
92580
92582
92586
92590
92610
92616
92620
92622
92625
92628
92630
92631
92638
92640
92644
92650
92652
92655
92660
92664
92667
92670
92680
92682
92684
92685
92694
92700
92701
92708
92710
92715
92718
92720
92722
92736
92748
92750
92752
92760
92778
92785
92790
92794
92805
92814
92829
92834
92840
92850
92856
92865
92868
92870
92872
92874
92876
92880
92886
92890
92895
92898
92904
92906
92916
92920
92922
92925
92939
92940
92946
92950
92960
92964
92966
92967
92970
92974
92976
92988
92990
92994
93000
93002
93005
93009
93010
93012
93015
93016
93018
93024
93054
93058
93062
93070
93072
93075
93080
93081
93086
93100
93102
93114
93120
93130
93132
93135
93138
93148
93150
93156
93160
93170
93174
93177
93180
93186
93192
93195
93198
93214
93219
93220
93225
93228
93234
93236
93252
93258
93262
93264
93270
93275
93279
93280
93282
93288
93290
93294
93300
93314
93318
93338
93340
93342
93345
93357
93360
93372
93378
93396
93398
93405
93408
93415
93420
93423
93426
93432
93434
93436
93438
93444
93456
93462
93465
93470
93478
93483
93492
93495
93496
93500
93510
93513
93518
93520
93525
93530
93540
93548
93555
93558
93562
93564
93570
93574
93576
93585
93588
93590
93594
93600
93612
93618
93620
93624
93630
93632
93651
93654
93665
93666
93678
93684
93687
93690
93704
93708
93726
93732
93738
93740
93744
93756
93758
93772
93780
93790
93795
93800
93806
93808
93822
93828
93830
93834
93849
93852
93860
93863
93873
93874
93885
93886
93890
93891
93898
93900
93906
93918
93936
93942
93951
93954
93955
93960
93972
93975
93978
93980
93984
93993
93996
94017
94020
94024
94038
94044
94047
94054
94062
94068
94070
94080
94095
94105
94107
94110
94120
94122
94128
94134
94140
94150
94160
94180
94182
94188
94200
94202
94206
94215
94218
94220
94224
94230
94234
94240
94242
94245
94250
94254
94260
94270
94276
94278
94282
94300
94302
94308
94314
94316
94320
94326
94332
94335
94340
94341
94346
94354
94360
94367
94374
94392
94402
94410
94416
94424
94428
94435
94440
94446
94452
94468
94479
94482
94484
94486
94488
94490
94500
94506
94510
94512
94514
94518
94520
94535
94536
94540
94542
94545
94550
94554
94556
94560
94563
94570
94572
94575
94578
94584
94588
94590
94598
94600
94611
94612
94614
94622
94626
94640
94644
94650
94656
94658
94666
94668
94674
94677
94680
94686
94690
94692
94695
94696
94705
94714
94724
94731
94734
94738
94740
94752
94754
94758
94760
94764
94770
94772
94776
94780
94785
94798
94800
94806
94809
94810
94815
94820
94822
94829
94836
94842
94848
94850
94866
94870
94872
94874
94875
94878
94886
94890
94900
94905
94908
94926
94930
94940
94941
94944
94950
94952
94956
94965
94974
94980
94996
94998
95010
95016
95018
95025
95034
95038
95040
95060
95062
95064
95070
95073
95076
95088
95090
95100
95106
95108
95115
95116
95118
95120
95128
95140
95142
95150
95151
95166
95170
95178
95186
95200
95202
95205
95214
95220
95226
95228
95230
95235
95250
95260
95265
95266
95268
95270
95274
95277
95280
95282
95284
95285
95290
95294
95298
95304
95310
95312
95316
95319
95325
95326
95342
95352
95355
95358
95361
95368
95380
95381
95382
95394
95400
95403
95404
95418
95420
95424
95430
95436
95438
95445
95448
95450
95466
95472
95475
95484
95490
95494
95496
95502
95508
95511
95520
95524
95526
95530
95532
95535
95540
95542
95546
95557
95565
95568
95570
95571
95574
95580
95586
95589
95590
95592
95598
95604
95608
95610
95612
95613
95620
95628
95630
95640
95642
95645
95646
95655
95658
95667
95670
95680
95682
95690
95694
95703
95706
95710
95722
95730
95732
95739
95745
95748
95758
95766
95770
95772
95778
95784
95788
95795
95802
95816
95820
95830
95836
95844
95850
95858
95862
95874
95886
95890
95892
95898
95900
95920
95928
95930
95931
95934
95942
95950
95956
95964
95976
95979
95982
95988
95990
96005
96012
96015
96018
96019
96033
96036
96045
96048
96050
96052
96054
96060
96063
96068
96070
96075
96078
96084
96090
96102
96105
96110
96114
96117
96118
96120
96126
96138
96145
96150
96152
96159
96170
96174
96195
96200
96210
96216
96220
96234
96240
96250
96252
96254
96255
96258
96264
96270
96276
96278
96280
96285
96288
96292
96294
96300
96305
96306
96320
96324
96327
96338
96350
96354
96356
96369
96370
96380
96382
96393
96396
96404
96406
96408
96410
96418
96420
96425
96426
96432
96441
96444
96450
96459
96462
96465
96470
96474
96480
96486
96495
96502
96510
96514
96516
96520
96525
96530
96534
96538
96540
96555
96560
96564
96565
96577
96580
96585
96590
96594
96596
96612
96614
96615
96621
96624
96628
96630
96635
96645
96646
96654
96657
96660
96670
96672
96678
96681
96684
96696
96702
96705
96710
96712
96726
96730
96738
96740
96744
96747
96750
96756
96760
96778
96780
96782
96786
96789
96792
96820
96822
96824
96830
96831
96840
96844
96850
96852
96855
96860
96870
96876
96880
96882
96888
96894
96906
96910
96918
96922
96924
96930
96936
96940
96942
96945
96950
96960
96965
96968
96976
96978
96980
96985
96996
96999
97002
97005
97006
97008
97010
97026
97030
97032
97034
97050
97053
97055
97060
97062
97070
97071
97080
97083
97086
97092
97097
97104
97125
97128
97130
97140
97146
97149
97150
97152
97155
97160
97162
97174
97180
97194
97202
97206
97218
97223
97236
97242
97244
97251
97260
97270
97272
97278
97284
97293
97295
97300
97305
97308
97310
97314
97318
97320
97328
97335
97340
97342
97359
97380
97382
97383
97384
97394
97395
97398
97405
97416
97422
97428
97438
97446
97455
97458
97460
97461
97464
97470
97474
97478
97485
97495
97500
97510
97512
97515
97520
97524
97526
97527
97530
97539
97545
97546
97548
97552
97554
97560
97565
97570
97572
97578
97584
97590
97608
97610
97620
97622
97626
97630
97635
97636
97643
97644
97656
97658
97660
97662
97665
97674
97692
97695
97698
97704
97710
97713
97716
97720
97722
97730
97740
97746
97750
97755
97760
97770
97773
97774
97776
97782
97785
97788
97800
97820
97825
97830
97836
97838
97842
97845
97846
97850
97854
97867
97869
97878
97881
97888
97900
97902
97905
97908
97911
97916
97920
97926
97930
97940
97950
97954
97955
97960
97962
97965
97966
97968
97970
97986
97988
97990
97995
98007
98010
98020
98021
98022
98028
98042
98046
98049
98050
98056
98058
98072
98076
98078
98084
98085
98088
98090
98098
98100
98106
98112
98115
98118
98120
98126
98130
98136
98140
98142
98150
98160
98164
98190
98196
98202
98208
98220
98226
98235
98238
98241
98250
98252
98256
98262
98268
98270
98274
98277
98294
98298
98301
98306
98318
98322
98325
98328
98332
98345
98346
98350
98355
98358
98362
98364
98370
98371
98382
98384
98385
98394
98400
98410
98412
98418
98427
98434
98436
98439
98440
98448
98450
98454
98455
98460
98462
98470
98472
98475
98484
98505
98514
98515
98518
98520
98530
98538
98540
98550
98553
98556
98560
98566
98571
98574
98592
98595
98600
98604
98605
98616
98630
98634
98637
98640
98642
98644
98646
98648
98658
98679
98685
98686
98690
98714
98716
98724
98728
98730
98735
98736
98742
98745
98748
98754
98760
98762
98766
98769
98774
98778
98780
98787
98800
98802
98805
98808
98810
98814
98820
98832
98835
98838
98840
98850
98854
98880
98889
98892
98895
98898
98900
98904
98930
98934
98938
98943
98945
98946
98956
98970
98974
98980
98982
98988
98990
98994
99000
99006
99008
99012
99022
99030
99036
99042
99045
99050
99057
99064
99076
99078
99084
99085
99086
99090
99093
99099
99102
99123
99130
99132
99134
99150
99160
99162
99165
99170
99176
99186
99195
99198
99204
99210
99216
99218
99220
99222
99231
99234
99240
99242
99255
99258
99260
99264
99267
99268
99270
99280
99288
99297
99300
99302
99308
99314
99320
99324
99345
99348
99351
99354
99358
99360
99365
99370
99372
99382
99384
99385
99386
99390
99396
99400
99408
99414
99420
99426
99428
99429
99430
99435
99440
99456
99462
99465
99470
99474
99480
99495
99502
99522
99530
99534
99546
99550
99552
99554
99560
99561
99567
99570
99572
99580
99582
99586
99588
99590
99594
99600
99603
99606
99610
99615
99620
99624
99630
99636
99638
99640
99654
99666
99671
99674
99678
99680
99682
99684
99687
99690
99693
99696
99702
99705
99708
99710
99715
99720
99722
99726
99735
99736
99756
99760
99762
99770
99774
99780
99788
99789
99790
99792
99807
99810
99814
99822
99826
99828
99830
99834
99840
99852
99855
99864
99866
99870
99880
99882
99890
99892
99897
99900
99902
99905
99910
99912
99924
99930
99932
99935
99940
99946
99957
99958
99970
99974
99975
99978
99996
