5 2
17 4
23 3
31 3
41 6
53 5
59 3
67 5
71 3
83 5
97 3
101 5
109 3
127 9
131 3
139 5
173 3
181 5
197 12
199 5
211 3
223 7
233 11
251 7
263 5
269 3
271 11
281 14
311 11
331 5
349 3
353 11
373 5
379 15
401 9
421 5
431 7
439 9
443 11
449 5
457 3
463 7
479 9
487 3
491 15
499 17
503 3
523 7
563 17
587 5
593 9
607 3
617 5
631 11
647 5
659 7
661 3
677 11
683 5
691 13
701 3
719 7
733 15
757 7
787 5
797 15
811 5
827 7
829 3
839 5
857 19
863 15
881 9
883 11
911 3
929 9
941 5
947 7
953 21
977 9
983 17
991 7
1019 19
1033 3
1049 3
1061 17
1063 7
1103 19
1123 5
1151 23
1153 13
1163 9
1171 7
1187 19
1193 5
1213 9
1223 21
1229 3
1249 3
1259 25
1283 17
1303 3
1321 9
1361 25
1367 11
1381 5
1409 3
1423 11
1433 19
1439 23
1459 9
1483 11
1487 15
1493 21
1511 9
1523 19
1543 11
1553 13
1559 15
1579 5
1583 27
1601 9
1607 17
1609 5
1613 19
1621 13
1637 15
1667 3
1747 9
1753 13
1787 11
1801 9
1823 27
1831 5
1861 5
1867 3
1873 15
1889 21
1901 11
1931 3
1949 5
1951 15
1973 3
1979 5
1987 19
1993 3
1999 9
2011 11
2027 25
2053 9
2069 27
2081 5
2083 19
2099 29
2111 13
2113 5
2129 3
2141 11
2143 5
2179 19
2203 21
2213 17
2221 5
2239 13
2251 3
2267 25
2269 3
2273 5
2287 3
2297 5
2311 13
2347 7
2351 15
2357 5
2383 11
2393 9
2399 31
2417 33
2423 5
2441 3
2459 5
2477 17
2521 3
2543 31
2549 3
2579 35
2621 3
2633 25
2647 29
2657 17
2677 3
2689 31
2713 9
2719 33
2731 7
2777 7
2819 7
2837 31
2879 23
2897 35
2909 37
2927 29
2953 7
2957 21
2963 19
2971 3
2999 23
3019 3
3037 17
3041 3
3067 19
3083 15
3119 27
3121 5
3137 31
3167 21
3181 19
3191 13
3209 29
3251 15
3253 11
3257 27
3271 3
3299 9
3313 17
3323 5
3329 3
3347 33
3389 35
3391 27
3433 3
3457 9
3461 5
3467 3
3469 11
3499 19
3517 21
3527 27
3533 7
3539 3
3541 11
3547 5
3571 9
3581 3
3593 31
3607 3
3617 13
3631 3
3637 21
3643 7
3659 27
3671 33
3691 11
3697 3
3701 7
3727 23
3739 9
3761 7
3793 9
3803 39
3821 41
3847 5
3851 3
3853 23
3863 3
3877 3
3889 3
3911 19
3929 3
3947 3
3967 11
3989 33
4057 31
4091 9
4093 29
4099 13
4111 5
4127 37
4139 5
4153 3
4157 33
4159 11
4177 7
4211 21
4217 43
4229 11
4231 3
4241 35
4243 27
4253 9
4259 3
4271 5
4289 3
4297 11
4337 5
4357 13
4363 5
4391 5
4397 41
4421 43
4423 35
4451 7
4457 15
4481 3
4493 7
4507 33
4519 13
4549 31
4561 39
4597 13
4603 41
4621 9
4637 19
4639 15
4651 45
4673 5
4679 3
4691 37
4729 15
4733 3
4751 19
4759 39
4789 35
4817 27
4871 45
4877 31
4889 5
4919 5
4943 11
4957 39
4967 27
4969 35
4987 3
4993 5
4999 13
5009 21
5021 33
5039 31
5059 43
5081 13
5107 47
5119 15
5153 39
5197 3
5233 5
5261 37
5273 43
5303 19
5309 45
5333 47
5347 3
5351 39
5393 13
5413 9
5437 5
5449 37
5471 13
5483 11
5501 3
5507 7
5519 5
5521 9
5531 45
5581 5
5623 13
5641 37
5651 19
5657 11
5669 3
5683 17
5693 13
5701 43
5711 27
5717 7
5741 11
5791 17
5813 49
5827 9
5843 41
5849 13
5903 11
5927 7
5939 3
5953 15
5981 45
5987 9
6011 5
6029 7
6043 15
6047 31
6053 49
6073 7
6079 53
6113 5
6121 3
6131 29
6133 15
6163 23
6173 9
6229 13
6257 33
6287 29
6299 3
6301 5
6311 23
6317 7
6323 3
6353 3
6373 7
6379 9
6389 31
6397 3
6421 3
6449 23
6469 19
6481 5
6491 13
6547 17
6551 5
6553 25
6569 15
6577 5
6599 55
6637 21
6659 15
6673 45
6701 41
6719 3
6733 3
6761 3
6763 21
6779 39
6793 49
6823 3
6829 51
6841 19
6871 11
6899 3
6917 41
6947 9
6949 17
6971 13
6983 3
6991 11
7013 25
7019 37
7027 3
7039 5
7057 11
7079 31
7121 11
7129 23
7151 9
7187 11
7211 35
7243 7
7247 31
7349 13
7411 5
7417 21
7433 5
7451 29
7481 43
7541 19
7547 17
7549 23
7561 7
7591 3
7603 7
7607 31
7621 29
7643 3
7649 17
7673 13
7687 23
7699 60
7727 33
7741 9
7793 29
7829 7
7853 51
7867 9
7873 19
7901 27
7937 15
7963 3
7993 3
8011 3
8059 3
8069 5
8081 45
8089 5
8093 19
8111 33
8117 5
8123 13
8161 5
8179 3
8191 13
8209 21
8221 3
8243 41
8269 23
8273 61
8293 5
8297 3
8311 29
8363 7
8377 3
8389 5
8419 23
8423 3
8467 5
8513 3
8537 27
8597 3
8599 7
8627 5
8663 29
8669 13
8693 41
8699 27
8753 3
8761 15
8783 3
8807 11
8819 21
8839 23
8849 3
8861 9
8867 27
8887 31
8893 64
8933 13
8969 11
8971 5
8999 29
9011 5
9041 9
9043 7
9127 23
9151 3
9173 5
9199 27
9239 7
9277 5
9281 3
9319 5
9323 37
9349 5
9371 15
9377 43
9391 13
9419 5
9421 3
9463 33
9467 17
9473 51
9479 47
9521 65
9539 37
9623 49
9629 3
9631 35
9661 9
9677 5
9697 11
9733 3
9769 3
9787 3
9829 9
9839 39
9859 33
9871 3
9883 5
9887 29
9901 7
9907 25
9929 5
9949 9
10007 15
10037 51
10061 33
10067 3
10079 45
10091 59
10111 7
10133 61
10141 13
10163 63
10181 65
10211 5
10253 5
10259 33
10331 17
10391 3
10399 3
10427 17
10457 35
10459 3
10499 25
10501 3
10529 9
10531 27
10559 55
10589 7
10601 51
10613 9
10627 3
10651 5
10663 3
10687 27
10709 7
10711 3
10739 53
10771 29
10799 25
10837 3
10853 27
10859 65
10867 43
10889 35
10891 3
10903 5
10939 3
10949 25
10973 39
10979 11
10993 9
11003 49
11057 7
11059 37
11113 43
11117 5
11131 31
11159 55
11251 33
11273 13
11279 49
11351 17
11369 3
11383 7
11393 3
11437 7
11447 3
11467 17
11491 7
11497 15
11503 3
11549 23
11551 3
11579 25
11587 17
11593 3
11597 71
11621 47
11633 5
11677 3
11699 17
11701 15
11783 41
11807 21
11821 3
11827 9
11831 29
11897 47
11903 9
11923 17
11927 53
11933 35
11939 13
11941 11
11981 19
12007 15
12011 59
12037 17
12041 51
12043 5
12049 33
12073 7
12097 3
12101 61
12113 43
12119 49
12143 35
12157 3
12161 45
12227 53
12239 65
12251 5
12253 11
12263 3
12281 67
12323 5
12329 71
12347 7
12373 39
12379 5
12401 25
12409 11
12421 45
12437 61
12497 11
12517 17
12527 53
12569 35
12589 65
12613 39
12637 5
12641 67
12647 3
12689 45
12697 19
12713 73
12739 5
12763 41
12791 3
12823 19
12841 7
12893 29
12907 17
12911 9
12917 51
12941 65
12953 45
12959 11
12973 7
12979 35
13001 67
13003 3
13009 41
13043 69
13063 9
13093 3
13099 75
13109 61
13121 21
13127 53
13147 17
13171 9
13217 51
13229 27
13259 5
13267 9
13297 13
13327 19
13339 3
13381 5
13451 15
13457 33
13487 45
13499 37
13513 3
13523 51
13537 3
13619 35
13627 13
13633 5
13649 65
13669 5
13679 23
13691 9
13697 11
13711 3
13721 37
13723 17
13751 41
13759 27
13763 39
13829 71
13841 49
13859 73
13877 75
13879 7
13901 43
13907 63
13921 11
13931 7
13997 31
13999 19
14011 5
14029 13
14057 53
14083 7
14153 57
14159 69
14173 3
14221 5
14243 3
14249 5
14281 19
14293 13
14303 17
14327 9
14369 65
14423 43
14431 3
14461 3
14489 33
14537 69
14551 45
14557 19
14563 3
14591 9
14621 37
14639 73
14653 23
14657 11
14669 75
14699 49
14713 51
14731 3
14737 21
14759 11
14783 3
14813 5
14831 3
14851 3
14867 11
14869 21
14923 47
14929 3
14947 7
14951 23
14957 41
14969 63
15013 25
15053 15
15083 3
15091 13
15107 11
15131 5
15137 57
15149 29
15187 7
15199 13
15217 11
15241 9
15259 7
15287 3
15299 69
15307 3
15319 21
15329 63
15377 71
15383 35
15427 5
15467 65
15527 79
15551 37
15649 5
15667 3
15671 7
15679 59
15727 7
15731 3
15733 17
15737 9
15749 47
15787 37
15791 13
15803 57
15817 15
15823 7
15877 61
15881 55
15907 15
15913 53
15937 9
15971 5
15973 11
16001 31
16007 9
16033 11
16073 69
16091 13
16111 7
16127 5
16139 57
16141 23
16187 13
16223 61
16249 9
16253 19
16267 3
16301 75
16319 47
16333 9
16339 67
16349 11
16361 59
16363 3
16417 9
16421 49
16427 11
16451 41
16453 23
16487 3
16493 51
16529 53
16547 3
16567 7
16603 13
16619 23
16651 7
16661 11
16673 5
16691 13
16693 7
16729 9
16741 5
16763 77
16811 5
16823 81
16829 33
16843 69
16889 27
16903 3
16921 7
16927 3
16931 5
16979 37
16981 41
17011 3
17033 5
17041 9
17093 67
17099 51
17123 75
17159 5
17183 77
17231 69
17239 45
17291 15
17317 5
17351 71
17377 25
17389 5
17393 59
17401 27
17417 39
17431 47
17449 19
17477 67
17489 63
17509 3
17539 43
17569 3
17573 29
17597 3
17599 23
17609 9
17627 35
17657 33
17669 5
17681 3
17729 59
17737 7
17749 71
17761 9
17783 57
17789 3
17791 7
17851 11
17903 25
17909 7
17921 11
17929 17
17959 9
17977 5
17981 31
17987 61
17989 11
18013 9
18047 41
18077 3
18089 79
18097 7
18119 57
18121 5
18127 3
18131 81
18133 17
18143 3
18149 71
18181 49
18251 25
18269 73
18287 35
18311 41
18367 45
18371 5
18401 69
18427 25
18439 11
18443 7
18457 3
18461 9
18517 5
18521 79
18523 13
18553 5
18593 9
18617 67
18671 15
18679 5
18731 35
18773 55
18803 3
18869 7
18899 47
18911 33
18947 35
18979 9
19009 7
19013 81
19037 9
19051 7
19073 3
19079 73
19087 17
19141 21
19157 9
19163 13
19181 23
19207 5
19211 43
19219 9
19309 25
19387 35
19417 5
19423 13
19463 15
19541 3
19543 5
19553 33
19571 37
19577 7
19583 69
19597 3
19609 31
19661 11
19681 7
19717 27
19763 61
19777 5
19801 59
19813 9
19843 7
19919 15
19949 3
19961 7
19973 3
19991 17
19993 9
20051 63
20063 5
20071 11
20113 3
20129 5
20147 9
20161 11
20231 3
20261 3
20269 27
20323 3
20341 11
20347 9
20393 5
20479 3
20521 5
20599 5
20627 39
20639 5
20663 17
20681 5
20717 3
20753 13
20849 57
20857 9
20887 3
20897 75
20899 3
20921 13
20963 49
20981 45
21011 3
21013 13
21019 53
21031 27
21059 9
21061 19
21101 13
21107 5
21139 55
21163 5
21169 3
21179 51
21187 13
21227 5
21247 9
21269 17
21283 13
21313 11
21317 5
21341 19
21347 5
21377 5
21379 17
21401 9
21407 85
21481 55
21487 3
21503 51
21521 9
21523 3
21557 3
21569 29
21587 3
21589 69
21599 79
21611 47
21649 5
21661 3
21727 3
21737 7
21757 75
21799 17
21821 7
21859 11
21881 5
21911 47
21929 43
21937 11
21961 3
21991 5
22013 3
22037 95
22039 96
22067 17
22091 5
22147 27
22229 49
22259 5
22279 57
22307 11
22367 3
22381 29
22391 11
22409 37
22441 25
22501 79
22531 93
22543 95
22549 21
22619 5
22637 11
22669 45
22699 5
22717 27
22721 13
22739 15
22741 83
22751 17
22783 33
22787 19
22807 5
22853 31
22901 23
22907 27
22937 15
22943 19
22961 67
23011 91
23027 53
23041 93
23053 65
23059 95
23087 71
23143 5
23167 3
23189 9
23201 11
23209 23
23251 3
23269 3
23279 31
23293 5
23311 85
23333 11
23369 13
23399 3
23447 9
23459 51
23473 41
23497 11
23509 45
23561 3
23567 5
23593 29
23609 5
23627 9
23629 3
23663 3
23753 3
23813 5
23819 3
23869 5
23879 63
23899 17
23911 21
23917 13
23957 23
23977 9
24019 13
24023 25
24049 17
24061 27
24071 45
24077 49
24083 7
24091 51
24097 11
24103 33
24109 3
24121 9
24133 100
24137 39
24151 15
24169 9
24179 83
24181 35
24203 17
24239 19
24247 55
24251 65
24329 5
24337 33
24371 53
24391 9
24419 51
24421 11
24443 9
24481 7
24499 9
24517 3
24527 19
24547 59
24551 91
24593 55
24623 11
24671 19
24677 21
24697 7
24709 53
24733 7
24781 33
24821 19
24841 37
24847 13
24851 3
24889 75
25013 21
25057 25
25087 37
25097 9
25153 3
25171 11
25183 21
25229 25
25237 102
25247 9
25303 13
25307 19
25309 79
25321 7
25349 21
25357 69
25411 11
25423 17
25457 19
25469 43
25537 7
25561 3
25579 37
25583 9
25603 91
25639 5
25643 55
25657 83
25667 9
25679 3
25717 3
25733 11
25759 97
25801 85
25819 13
25849 67
25867 7
25873 31
25889 17
25903 5
25951 3
25969 11
26029 11
26041 89
26053 35
26099 3
26107 13
26111 21
26113 71
26119 9
26189 5
26203 49
26209 93
26249 29
26261 3
26293 3
26321 51
26393 3
26437 9
26489 27
26513 5
26561 13
26573 3
26591 3
26647 3
26683 11
26699 25
26717 7
26759 35
26813 21
26861 23
26863 97
26891 7
26893 43
26903 61
26947 7
26951 45
26993 9
27031 3
27043 37
27059 27
27061 7
27073 65
27077 89
27107 15
27127 59
27179 11
27241 27
27281 21
27397 3
27409 31
27427 19
27437 7
27457 43
27479 69
27481 39
27487 17
27509 11
27529 9
27539 47
27541 45
27551 5
27611 3
27673 13
27697 9
27733 39
27737 3
27739 17
27773 33
27793 37
27823 93
27827 15
27851 71
27941 27
27953 3
27967 9
28001 3
28027 99
28057 11
28081 15
28087 103
28097 3
28099 105
28109 17
28111 25
28151 47
28163 21
28201 5
28289 5
28297 7
28309 3
28319 21
28349 11
28393 5
28403 49
28439 29
28477 27
28493 7
28499 3
28537 97
28547 11
28549 19
28559 5
28591 13
28597 99
28603 7
28607 9
28619 3
28643 21
28649 5
28657 89
28669 103
28687 105
28697 108
28729 35
28789 37
28807 9
28813 15
28837 85
28843 13
28871 3
28927 43
28949 7
28961 11
28979 59
29017 25
29023 87
29033 49
29059 29
29123 31
29129 79
29137 11
29153 71
29167 99
29173 41
29179 5
29191 17
29207 25
29209 43
29231 3
29243 51
29287 11
29333 5
29423 55
29429 5
29443 41
29483 5
29501 3
29531 5
29537 73
29567 51
29569 95
29581 17
29587 3
29633 7
29641 3
29663 15
29669 49
29671 3
29717 7
29723 17
29753 13
29759 7
29761 43
29819 29
29851 13
29867 5
29881 11
29947 13
29989 49
30071 5
30089 59
30097 11
30103 37
30119 13
30137 9
30197 3
30203 9
30223 97
30259 11
30293 21
30307 99
30313 13
30319 5
30341 47
30347 39
30367 37
30403 31
30427 103
30431 3
30491 3
30497 13
30509 7
30539 63
30557 79
30577 45
30631 49
30661 47
30671 23
30677 95
30707 25
30713 3
30763 5
30773 33
30829 31
30839 55
30869 57
30881 51
30893 3
30937 3
30941 11
30971 15
30983 47
31013 3
31019 9
31051 5
31063 41
31069 3
31081 5
31147 19
31151 21
31159 3
31181 77
31189 9
31193 55
31223 67
31259 31
31267 17
31271 11
31277 75
31307 49
31337 63
31357 13
31379 3
31391 85
31397 17
31513 7
31543 9
31547 55
31573 3
31601 57
31649 77
31657 105
31667 31
31687 9
31699 21
31721 5
31727 39
31729 111
31771 71
31847 3
31849 9
31957 9
31963 17
31973 49
31981 21
32003 39
32029 11
32051 67
32083 15
32141 83
32143 3
32237 51
32261 13
32323 5
32341 59
32353 114
32369 3
32401 17
32441 53
32443 7
32467 3
32479 15
32497 31
32537 3
32569 5
32573 3
32587 43
32603 99
32611 3
32633 49
32713 31
32717 59
32749 13
32783 5
32803 23
32831 9
32833 5
32843 39
32909 3
32911 19
32939 51
32957 55
32983 5
33023 3
33029 33
33049 9
33053 61
33083 11
33091 71
33107 91
33119 7
33181 43
33199 7
33223 3
33289 49
33331 7
33347 63
33349 3
33353 41
33377 19
33409 21
33461 7
33469 47
33479 43
33493 5
33521 3
33533 77
33547 3
33577 75
33587 35
33599 17
33601 5
33623 115
33629 97
33647 41
33703 9
33713 5
33749 63
33751 3
33757 11
33767 99
33769 3
33773 5
33791 3
33797 57
33829 23
33851 59
33863 19
33871 17
33923 79
33941 41
33961 51
33967 3
34033 75
34141 83
34217 13
34231 59
34273 49
34301 51
34303 11
34327 3
34361 7
34403 17
34421 71
34429 5
34439 21
34471 5
34483 77
34513 13
34519 3
34549 15
34589 53
34591 21
34607 59
34613 61
34631 5
34649 9
34651 51
34667 31
34673 43
34679 13
34693 47
34721 23
34729 45
34739 17
34747 91
34759 15
34807 5
34843 13
34847 11
34871 71
34913 117
34919 57
34939 53
34949 9
34963 93
34981 43
35023 7
35051 25
35053 21
35059 7
35069 3
35089 3
35099 5
35117 3
35141 5
35153 55
35159 29
35227 49
35251 13
35279 15
35281 7
35291 53
35311 11
35327 71
35339 3
35353 97
35363 29
35381 59
35393 61
35401 13
35461 3
35491 111
35527 113
35569 3
35573 89
35591 27
35597 17
35617 3
35677 51
35759 3
35771 59
35801 27
35803 5
35839 7
35863 21
35899 105
35911 75
35923 5
35969 17
35977 15
36007 85
36011 53
36013 51
36067 109
36097 99
36109 17
36151 13
36161 59
36187 49
36191 61
36209 43
36217 117
36241 71
36263 37
36293 45
36341 3
36389 9
36457 33
36467 35
36523 7
36541 69
36551 59
36563 63
36571 11
36583 25
36587 23
36599 61
36607 107
36629 39
36643 5
36671 7
36677 3
36691 109
36709 35
36713 21
36721 53
36761 67
36767 3
36781 9
36809 57
36847 115
36871 117
36887 39
36913 3
36923 31
36929 45
36931 7
36997 51
37003 7
37013 37
37019 3
37039 27
37097 3
37159 71
37171 3
37199 35
37201 93
37217 5
37223 3
37243 3
37277 5
37321 3
37339 75
37361 15
37369 55
37397 63
37409 3
37441 95
37447 101
37463 5
37507 37
37511 3
37537 17
37547 9
37561 122
37591 7
37607 67
37633 9
37657 97
37691 19
37693 35
37699 3
37799 11
37811 63
37813 75
37847 19
37853 5
37861 99
37879 7
37889 45
37897 3
37957 109
37967 57
38011 5
38047 101
38083 15
38113 11
38149 7
38153 19
38197 117
38201 61
38219 39
38231 63
38239 3
38261 9
38273 5
38303 69
38351 79
38371 3
38431 35
38453 3
38461 5
38501 59
38557 37
38561 7
38569 5
38593 109
38609 43
38611 5
38677 73
38699 3
38723 57
38737 5
38747 3
38783 3
38791 17
38821 115
38833 97
38851 9
38867 27
38903 47
38917 35
38921 124
38953 31
38971 71
38993 13
39019 3
39079 3
39089 27
39103 5
39113 3
39133 11
39139 73
39157 91
39163 5
39191 69
39217 7
39233 19
39239 47
39293 59
39359 67
39371 19
39373 7
39397 35
39439 103
39451 11
39461 63
39503 27
39509 19
39511 7
39563 87
39607 123
39619 7
39623 5
39631 17
39667 21
39703 7
39719 3
39733 5
39749 3
39799 15
39839 23
39863 7
39869 63
39877 11
39883 53
39887 71
39901 35
39971 17
39989 7
40087 59
40099 69
40123 37
40129 5
40153 115
40177 7
40189 15
40213 117
40231 105
40237 53
40241 67
40289 63
40351 79
40357 15
40361 81
40387 7
40433 33
40493 89
40499 9
40529 19
40559 49
40577 47
40583 9
40591 53
40637 37
40697 3
40699 75
40709 45
40751 7
40771 15
40801 3
40823 23
40829 29
40841 83
40853 91
40867 105
40879 9
40903 17
40927 7
40949 33
40993 19
41017 125
41023 57
41047 3
41081 3
41113 5
41117 3
41141 5
41149 19
41183 23
41203 25
41213 97
41231 47
41299 77
41333 3
41387 11
41399 9
41413 113
41467 3
41479 19
41507 73
41513 95
41543 23
41549 67
41579 65
41603 89
41609 3
41641 119
41651 27
41659 35
41681 75
41687 3
41729 29
41771 55
41813 97
41849 5
41851 61
41863 79
41893 81
41897 69
41903 35
41927 3
41941 5
41957 63
41959 29
41969 11
41981 73
42019 3
42023 39
42061 31
42073 3
42089 99
42179 15
42187 115
42209 3
42221 51
42227 7
42239 9
42299 49
42323 21
42337 3
42349 7
42379 79
42391 121
42403 9
42407 97
42443 41
42451 125
42461 3
42463 127
42499 7
42509 3
42569 103
42641 49
42667 61
42689 9
42697 43
42709 5
42737 27
42743 41
42767 31
42797 63
42821 17
42839 39
42863 65
42923 9
42929 73
42937 81
42943 83
42979 49
42989 17
43103 3
43151 75
43159 17
43177 3
43201 130
43207 5
43223 21
43237 3
43283 89
43291 43
43313 77
43319 49
43321 17
43399 73
43451 85
43481 47
43487 17
43517 37
43541 33
43543 27
43607 97
43613 41
43651 49
43661 59
43669 15
43691 57
43721 65
43759 19
43781 5
43789 15
43889 3
43933 27
43951 25
43991 9
43997 85
44017 83
44027 37
44071 15
44111 75
44123 27
44129 3
44159 25
44171 3
44203 101
44207 43
44221 39
44249 5
44267 91
44273 107
44279 17
44293 21
44351 73
44371 51
44383 9
44417 17
44449 79
44497 63
44501 3
44507 9
44519 71
44537 81
44543 37
44549 85
44587 3
44617 9
44621 53
44657 3
44683 132
44687 45
44711 105
44729 51
44753 7
44771 39
44773 33
44789 13
44839 59
44843 91
44909 3
44927 107
44959 11
44963 79
44987 21
45013 3
45053 117
45061 5
45119 29
45121 15
45131 109
45137 99
45233 57
45247 15
45259 5
45293 9
45317 111
45319 39
45329 49
45337 19
45361 63
45389 3
45427 17
45497 5
45553 3
45587 81
45589 39
45613 41
45631 37
45667 21
45673 7
45677 3
45697 11
45707 47
45751 117
45763 3
45779 73
45817 3
45823 5
45833 7
45853 19
45863 119
45943 5
45953 121
45971 61
45979 5
45989 111
46021 21
46091 125
46093 11
46099 5
46103 53
46133 127
46181 131
46187 83
46219 63
46271 45
46273 7
46279 3
46307 77
46309 3
46337 29
46381 11
46439 31
46441 13
46451 117
46457 109
46471 53
46499 79
46511 37
46619 3
46639 9
46643 105
46649 63
46663 5
46679 3
46703 35
46723 83
46751 85
46807 77
46817 37
46819 19
46829 71
46831 59
46853 23
46867 21
46889 3
46901 107
46933 39
46957 3
46993 7
46997 11
47017 3
47057 9
47087 5
47093 11
47123 109
47147 9
47149 17
47161 5
47189 33
47207 15
47237 45
47279 17
47293 105
47303 77
47351 3
47407 29
47441 33
47501 23
47533 13
47563 53
47623 15
47629 13
47657 3
47659 9
47681 73
47699 7
47711 133
47743 35
47779 3
47797 83
47807 77
47819 11
47857 87
47903 3
47939 11
47951 105
47963 7
47969 23
48017 111
48023 75
48029 79
48121 27
48157 15
48221 113
48239 29
48311 3
48337 23
48341 83
48371 11
48397 89
48407 115
48413 19
48449 31
48463 3
48473 11
48491 97
48527 23
48611 105
48647 73
48661 21
48673 11
48731 81
48733 3
48757 9
48761 69
48767 41
48781 43
48809 77
48821 45
48847 7
48857 9
48883 83
48953 123
48973 55
48991 87
49003 49
49009 5
49031 13
49043 125
49069 17
49081 43
49103 23
49121 127
49139 7
49169 67
49193 33
49199 7
49211 71
49223 131
49253 133
49277 5
49279 137
49307 77
49331 19
49333 7
49367 21
49369 25
49409 93
49411 3
49417 7
49451 45
49459 65
49499 91
49547 5
49549 89
49633 27
49639 19
49667 59
49681 3
49697 123
49741 55
49783 3
49787 81
49789 17
49807 21
49943 17
49957 21
49991 3
49993 5
50023 23
50051 7
50077 19
50087 67
50101 17
50123 7
50129 89
50131 87
50153 5
50159 13
50227 9
50231 31
50261 11
50263 21
50273 13
50311 81
50387 49
50423 45
50459 7
50461 37
50497 5
50503 3
50539 17
50549 43
50591 11
50593 3
50599 9
50627 5
50651 13
50683 9
50707 89
50723 5
50741 49
50753 15
50767 65
50789 7
50839 43
50849 5
50867 7
50893 63
50909 33
50923 3
50951 11
50989 29
50993 37
51001 9
51059 121
51109 19
51133 43
51151 57
51197 123
51203 11
51229 29
51239 21
51263 15
51283 17
51287 89
51329 47
51341 9
51347 77
51419 17
51437 5
51479 5
51481 9
51511 23
51539 11
51551 103
51563 3
51581 31
51599 55
51631 25
51647 79
51673 15
51679 45
51719 85
51749 113
51767 61
51787 3
51797 25
51817 15
51859 5
51871 89
51893 109
51899 67
51907 23
51971 115
52021 7
52051 3
52147 25
52181 117
52183 3
52223 41
52237 3
52259 85
52267 3
52289 19
52291 23
52301 7
52369 29
52379 119
52387 87
52391 9
52433 81
52453 15
52457 51
52517 141
52529 5
52561 9
52567 19
52571 109
52583 13
52609 3
52697 57
52709 27
52721 3
52733 55
52757 25
52783 13
52807 23
52817 97
52837 29
52859 103
52889 37
52901 39
52937 9
52957 65
52967 31
52973 81
53003 69
53017 89
53077 29
53113 27
53117 55
53129 19
53147 113
53149 3
53161 5
53171 25
53197 45
53231 13
53233 7
53279 19
53323 27
53327 35
53353 7
53381 25
53401 77
53441 13
53453 39
53503 3
53507 55
53527 45
53591 89
53593 73
53609 93
53653 47
53693 7
53717 37
53719 33
53759 23
53773 3
53777 5
53783 25
53791 3
53849 113
53861 45
53887 3
53891 63
53917 21
53987 25
54001 7
54013 13
54037 5
54049 29
54121 7
54133 13
54139 3
54163 27
54167 143
54181 89
54251 57
54287 37
54311 21
54319 11
54323 5
54367 9
54409 7
54443 33
54469 35
54493 31
54497 127
54499 15
54517 9
54539 29
54541 59
54547 23
54559 75
54563 113
54577 25
54601 3
54617 129
54623 51
54647 87
54673 19
54679 11
54713 23
54727 17
54751 11
54779 29
54787 9
54851 83
54869 135
54877 3
54919 3
54959 107
54983 3
55001 19
55049 57
55057 5
55061 85
55073 9
55109 43
55117 3
55127 5
55147 9
55163 65
55207 35
55213 23
55229 9
55259 5
55313 69
55333 59
55339 79
55343 89
55351 3
55373 11
55399 33
55411 9
55457 35
55529 121
55541 3
55579 47
55603 3
55631 107
55633 3
55673 13
55733 51
55763 27
55799 21
55813 15
55819 19
55823 17
55829 99
55837 146
55889 37
55897 9
55927 97
55931 5
55933 49
55949 67
55987 25
56003 109
56041 11
56099 75
56237 69
56249 13
56263 49
56267 47
56377 3
56383 61
56393 3
56443 11
56453 71
56477 7
56479 21
56501 3
56531 7
56597 73
56599 49
56611 21
56629 5
56633 95
56671 5
56711 35
56737 31
56783 13
56809 25
56813 119
56843 15
56897 39
56911 3
56923 71
56929 49
56941 79
56983 19
56989 27
56993 115
56999 107
57047 57
57059 111
57077 77
57089 9
57097 23
57107 131
57119 3
57139 21
57149 19
57193 11
57221 3
57251 17
57259 95
57301 23
57347 3
57389 109
57413 41
57493 29
57527 3
57529 21
57571 25
57593 7
57601 37
57637 61
57641 75
57649 5
57653 27
57689 89
57697 7
57709 29
57719 115
57737 55
57793 63
57803 91
57829 65
57847 81
57859 37
57881 95
57899 3
57973 7
58013 45
58027 11
58061 61
58073 47
58109 21
58111 37
58129 11
58147 3
58151 75
58171 83
58211 51
58231 67
58243 11
58271 3
58321 3
58337 5
58367 3
58369 39
58393 99
58403 5
58411 21
58417 3
58427 25
58439 47
58441 15
58477 11
58481 97
58511 35
58567 7
58579 3
58613 13
58657 15
58661 75
58679 49
58687 5
58727 21
58741 27
58757 3
58889 39
58901 37
58921 7
59023 85
59029 69
59053 7
59063 29
59069 59
59083 3
59141 67
59159 111
59167 65
59183 127
59233 5
59239 9
59243 3
59263 7
59273 29
59333 3
59387 45
59407 3
59417 5
59419 15
59447 57
59453 103
59473 25
59513 73
59557 17
59561 43
59581 3
59617 51
59663 5
59671 23
59693 39
59723 3
59743 7
59771 53
59833 25
59863 7
59951 39
59957 5
59971 63
59981 3
59999 73
60017 141
60029 3
60083 5
60101 13
60103 29
60127 3
60133 33
60139 35
60161 3
60167 15
60209 7
60223 77
60257 113
60259 101
60317 123
60337 3
60353 11
60413 63
60443 9
60449 5
60457 3
60497 53
60509 13
60521 119
60527 5
60539 125
60607 7
60617 115
60637 17
60649 89
60689 33
60719 51
60773 9
60779 3
60793 15
60821 13
60859 7
60889 27
60901 7
60917 15
60923 101
60943 47
61001 5
61027 152
61031 9
61057 3
61099 51
61121 9
61141 7
61151 3
61153 21
61169 5
61211 5
61231 31
61253 79
61283 3
61331 21
61333 37
61343 5
61379 5
61409 135
61417 5
61469 9
61471 103
61487 51
61603 37
61613 9
61637 19
61643 7
61651 15
61667 47
61673 9
61681 31
61703 113
61757 7
61781 143
61813 39
61819 5
61837 69
61861 25
61871 37
61879 51
61981 27
62003 105
62011 11
62053 49
62081 3
62143 7
62171 29
62273 51
62297 5
62299 25
62303 3
62311 23
62323 79
62347 5
62417 9
62423 37
62473 41
62483 11
62533 7
62539 27
62581 13
62597 5
62627 123
62639 3
62659 75
62683 3
62687 105
62723 15
62743 11
62753 3
62791 93
62801 59
62861 79
62869 3
62873 29
62903 3
62921 7
62927 3
62939 73
62971 7
62989 25
63029 41
63031 85
63059 3
63073 3
63097 29
63113 9
63131 53
63197 117
63199 39
63211 35
63277 69
63313 41
63331 67
63347 31
63353 81
63367 3
63409 93
63419 5
63473 5
63521 7
63527 53
63533 49
63587 41
63601 97
63611 33
63647 9
63659 3
63689 7
63709 19
63743 3
63793 3
63799 67
63823 77
63853 11
63907 49
63913 3
63929 73
63949 3
64013 15
64067 105
64081 5
64123 5
64151 23
64153 33
64157 25
64171 111
64187 123
64189 3
64231 29
64271 17
64279 31
64319 19
64327 23
64373 131
64381 3
64451 9
64483 3
64499 5
64513 31
64553 5
64577 5
64609 3
64613 155
64621 13
64627 113
64633 27
64661 75
64679 3
64709 17
64717 9
64747 31
64763 47
64783 13
64793 5
64811 3
64849 77
64871 7
64877 3
64891 111
64951 13
64997 41
65003 5
65033 139
65053 5
65089 5
65111 19
65129 5
65141 3
65147 7
65171 5
65203 3
65213 43
65267 7
65287 41
65309 107
65323 7
65327 3
65353 113
65407 5
65413 89
65419 33
65437 23
65449 19
65497 9
65537 97
65539 81
65551 3
65557 103
65581 41
65617 29
65701 7
65713 49
65777 3
65789 47
65809 43
65827 23
65837 11
65881 9
65929 3
65957 7
65963 55
65983 5
65993 7
66029 131
66037 83
66041 7
66067 95
66071 3
66083 81
66103 13
66107 3
66161 33
66173 7
66179 63
66221 17
66239 133
66293 3
66343 3
66361 13
66373 23
66377 55
66403 19
66457 3
66463 158
66467 31
66523 93
66541 123
66553 3
66571 7
66601 13
66617 5
66701 75
66713 31
66721 107
66763 29
66797 17
66821 5
66853 3
66877 11
66883 51
66889 25
66923 59
66959 29
67003 21
67049 85
67057 7
67061 79
67073 9
67079 13
67121 71
67139 15
67141 11
67153 81
67157 49
67169 3
67181 35
67187 5
67213 75
67271 149
67289 43
67307 9
67343 39
67369 3
67391 15
67409 11
67433 3
67447 37
67453 31
67499 5
67511 15
67523 53
67537 57
67559 45
67567 113
67601 13
67607 55
67631 15
67723 83
67733 75
67741 117
67757 5
67763 15
67801 111
67829 65
67843 7
67853 13
67883 43
67901 143
67927 31
67931 39
67933 3
67961 63
67967 21
67979 73
68041 7
68053 25
68087 3
68141 5
68147 3
68171 7
68207 3
68261 3
68281 101
68311 5
68329 3
68389 51
68399 57
68437 33
68447 7
68449 5
68477 5
68501 5
68521 131
68531 39
68567 15
68611 9
68639 17
68659 31
68699 33
68729 3
68749 11
68767 51
68771 61
68819 83
68881 99
68891 5
68897 3
68947 33
68993 7
69011 11
69029 25
69031 9
69109 7
69119 71
69127 35
69151 3
69193 3
69233 41
69239 57
69247 155
69257 111
69313 75
69371 25
69383 23
69457 33
69467 39
69473 5
69481 7
69497 59
69499 3
69557 25
69661 5
69697 15
69709 123
69763 13
69767 19
69827 45
69859 9
69877 17
69929 3
69959 9
70001 13
70003 149
70051 73
70061 9
70079 15
70111 121
70139 45
70141 153
70181 5
70183 155
70223 13
70229 33
70241 162
70289 7
70297 115
70373 75
70379 5
70381 49
70429 35
70439 45
70459 133
70487 55
70501 123
70507 13
70537 3
70573 9
70589 63
70607 3
70639 5
70667 3
70709 11
70717 37
70729 129
70769 7
70841 15
70853 93
70877 27
70879 3
70913 5
70937 7
70951 13
70957 35
70969 11
70979 61
70997 7
71011 151
71069 27
71119 139
71167 157
71171 5
71191 159
71237 47
71257 27
71261 59
71317 29
71329 3
71339 67
71341 31
71347 25
71363 3
71387 9
71389 11
71411 13
71429 41
71443 75
71479 9
71483 93
71551 7
71563 135
71633 43
71693 103
71707 77
71719 3
71849 11
71917 15
71941 151
71963 7
71971 21
71987 19
72019 153
72043 127
72053 11
72091 5
72161 11
72169 161
72221 27
72227 31
72251 3
72271 47
72307 43
72337 21
72367 39
72383 129
72421 3
72461 7
72493 37
72503 75
72617 97
72623 7
72643 43
72671 9
72679 39
72689 21
72701 17
72733 11
72763 23
72817 29
72823 5
72859 21
72871 35
72901 7
72949 9
72959 153
72973 27
73019 91
73043 57
73061 5
73079 157
73091 15
73121 7
73133 19
73181 5
73243 25
73277 9
73303 3
73351 37
73361 5
73369 21
73417 59
73421 5
73453 3
73529 15
73553 3
73571 147
73583 5
73607 3
73609 33
73679 15
73693 13
73699 149
73709 5
73721 19
73771 13
73783 65
73849 83
73859 5
73867 33
73877 49
73897 85
73939 43
73943 69
73951 35
73961 13
73973 7
74047 9
74051 121
74071 41
74077 11
74149 13
74161 15
74167 143
74177 19
74189 9
74201 7
74209 27
74219 5
74257 9
74279 3
74297 101
74311 3
74353 5
74411 17
74453 9
74471 15
74507 123
74509 3
74527 9
74573 97
74587 3
74653 15
74687 11
74699 79
74713 37
74731 59
74747 63
74759 3
74771 35
74857 91
74873 13
74891 3
74923 9
74933 155
74941 125
75013 5
75017 113
75029 61
75041 11
75109 13
75167 59
75181 15
75209 63
75217 3
75253 145
75337 127
75347 49
75377 51
75479 11
75503 5
75511 77
75539 15
75553 13
75557 47
75577 67
75583 43
75619 29
75641 25
75653 15
75707 53
75709 3
75721 129
75743 13
75767 15
75781 39
75869 111
75913 33
75937 3
75967 157
75983 57
75997 15
76003 3
76031 3
76081 131
76099 163
76103 123
76163 83
76213 9
76243 3
76249 87
76303 5
76367 5
76369 61
76387 45
76403 49
76421 133
76423 121
76463 37
76471 53
76487 51
76519 31
76607 13
76667 65
76679 3
76697 19
76717 29
76753 37
76777 7
76819 61
76837 27
76907 11
76919 29
76943 21
77041 137
77093 7
77137 93
77141 9
77153 3
77191 3
77239 11
77261 5
77267 61
77269 3
77279 27
77317 139
77347 37
77419 3
77447 11
77471 119
77479 79
77543 15
77549 71
77563 3
77569 5
77611 39
77621 19
77647 51
77689 5
77723 81
77743 7
77747 5
77773 131
77783 3
77797 143
77801 5
77863 3
77893 5
77969 105
77977 3
77999 3
78007 145
78041 3
78049 161
78059 23
78121 165
78137 17
78139 167
78179 5
78191 9
78241 5
78317 3
78367 13
78427 5
78437 23
78479 83
78487 37
78509 21
78511 123
78553 91
78569 65
78571 29
78577 7
78607 79
78623 115
78643 87
78707 53
78713 3
78737 7
78787 155
78791 121
78797 109
78803 7
78823 3
78853 25
78857 3
78887 157
78977 3
79039 161
79043 3
79087 7
79103 27
79111 5
79133 49
79139 97
79151 167
79241 117
79279 17
79319 9
79333 27
79379 115
79393 5
79423 7
79427 3
79481 113
79531 29
79561 27
79589 19
79609 33
79621 153
79627 143
79657 3
79669 137
79691 3
79777 23
79801 97
79817 119
79841 49
79847 17
79861 157
79867 33
79889 7
79901 3
79903 129
79939 35
79943 5
79997 3
80039 13
80051 3
80107 55
80111 3
80141 17
80149 115
80153 3
80177 19
80207 37
80209 35
80221 5
80231 83
80263 13
80273 53
80287 9
80309 29
80317 5
80341 15
80369 85
80387 5
80429 151
80471 19
80473 9
80489 47
80491 37
80513 29
80603 119
80611 13
80621 5
80651 3
80657 9
80677 33
80687 3
80701 5
80747 15
80761 95
80777 5
80779 117
80819 19
80831 83
80849 13
80863 3
80909 115
80923 65
80933 93
80963 9
80989 147
81017 11
81023 161
81041 9
81043 91
81077 53
81083 89
81163 3
81203 169
81239 15
81293 25
81299 45
81343 5
81349 13
81371 29
81421 19
81457 77
81463 15
81517 17
81559 15
81647 3
81667 91
81689 49
81701 5
81737 19
81769 31
81883 7
81937 7
81953 103
81971 27
81973 121
82039 33
82051 25
82153 165
82171 43
82189 15
82207 93
82217 23
82223 27
82237 25
82261 5
82267 3
82307 81
82349 5
82373 17
82421 101
82457 113
82471 97
82499 77
82531 123
82549 9
82561 59
82601 19
82609 3
82657 15
82757 5
82781 121
82787 85
82811 3
82847 93
82891 15
82963 119
82997 107
83071 125
83077 149
83089 7
83093 5
83117 109
83207 11
83219 3
83221 5
83231 3
83243 3
83273 11
83339 11
83383 3
83389 47
83417 5
83423 67
83431 7
83437 13
83449 25
83459 5
83497 29
83563 49
83591 127
83621 17
83717 107
83737 3
83761 7
83773 157
83777 17
83843 3
83869 141
83911 3
83933 49
83983 31
83987 9
84017 3
84047 3
84059 103
84121 87
84137 5
84163 17
84181 165
84229 59
84307 5
84313 171
84319 3
84389 21
84391 17
84437 107
84463 29
84467 97
84503 101
84533 119
84631 3
84649 15
84659 51
84701 5
84719 7
84751 93
84793 9
84857 9
84869 3
84913 61
84947 137
84977 3
85049 37
85081 5
85087 3
85121 5
85133 13
85147 15
85213 43
85223 3
85259 13
85297 35
85331 67
85361 63
85363 19
85369 5
85429 69
85439 115
85453 15
85469 3
85597 23
85627 45
85643 5
85669 9
85703 105
85711 15
85781 123
85793 7
85829 3
85847 3
85889 107
85933 7
85999 17
86029 93
86069 7
86083 127
86111 9
86137 65
86143 7
86197 37
86263 3
86293 167
86297 25
86311 5
86341 45
86353 169
86357 125
86371 85
86381 71
86389 3
86399 53
86413 3
86441 47
86453 178
86461 37
86467 3
86491 33
86531 19
86533 21
86539 7
86561 55
86587 95
86599 101
86629 11
86677 39
86689 45
86693 89
86711 5
86719 29
86729 57
86743 7
86753 23
86771 109
86843 3
86857 5
86923 15
86929 5
86939 17
86951 113
87013 33
87037 35
87041 45
87071 3
87083 3
87107 97
87119 3
87149 11
87151 7
87317 19
87323 89
87337 13
87383 69
87403 71
87473 19
87491 33
87511 177
87541 23
87557 37
87613 21
87629 137
87697 25
87719 117
87721 9
87743 23
87751 5
87767 97
87793 7
87797 67
87811 5
87853 7
87887 3
87911 3
87959 7
88001 9
88007 125
88019 13
88037 59
88079 151
88093 3
88129 19
88211 33
88237 41
88289 3
88301 153
88321 29
88397 87
88411 71
88463 59
88469 7
88471 31
88493 55
88499 117
88513 23
88591 29
88607 11
88643 91
88657 7
88681 77
88741 3
88747 39
88799 11
88811 61
88813 27
88853 7
88873 5
88883 13
88903 3
88937 3
88951 21
88993 83
88997 87
89003 3
89017 27
89051 5
89057 47
89071 3
89101 5
89119 29
89123 3
89189 53
89213 13
89231 95
89237 113
89261 31
89273 3
89317 21
89431 47
89443 27
89459 11
89521 7
89527 31
89561 25
89567 107
89591 87
89603 3
89627 39
89633 3
89653 7
89669 5
89681 131
89783 31
89797 47
89833 3
89839 45
89849 21
89897 95
89899 27
89909 69
89923 85
89983 9
89989 65
90011 23
90019 11
90053 17
90071 117
90073 5
90089 33
90107 55
90127 51
90163 47
90173 41
90187 37
90203 59
90239 5
90263 153
90397 11
90437 71
90469 3
90499 37
90511 3
90523 55
90529 47
90547 15
90599 43
90631 5
90647 123
90677 149
90731 75
90793 27
90833 119
90841 11
90863 117
90901 73
90917 65
90931 43
90989 13
90997 11
91019 25
91079 5
91081 11
91121 23
91127 97
91129 9
91151 103
91153 5
91183 3
91199 9
91237 27
91283 11
91309 147
91393 131
91411 39
91423 101
91453 5
91463 123
91493 77
91499 105
91573 121
91621 139
91631 17
91673 33
91703 129
91771 17
91801 3
91807 75
91811 5
91867 23
91957 15
91961 5
91997 71
92009 3
92041 37
92077 9
92107 3
92173 63
92219 15
92227 43
92243 19
92251 147
92269 11
92317 7
92333 75
92347 15
92353 37
92357 3
92363 13
92383 11
92387 121
92557 5
92567 19
92581 149
92627 39
92639 63
92641 5
92669 9
92681 7
92779 35
92801 61
92809 3
92831 101
92857 5
92861 75
92941 105
92951 183
92993 57
93113 123
93139 131
93179 115
93187 27
93229 3
93251 61
93253 25
93287 9
93319 81
93323 13
93377 143
93383 3
93419 129
93463 3
93479 7
93503 5
93529 73
93553 3
93559 43
93601 19
93607 49
93683 25
93703 111
93761 51
93809 5
93811 47
93827 39
93851 95
93893 25
93901 159
93911 19
93937 7
93941 123
93967 23
93979 177
93997 9
94049 19
94151 59
94169 21
94201 15
94229 43
94253 77
94291 163
94307 143
94309 9
94343 3
94427 3
94447 3
94463 45
94477 27
94483 11
94513 3
94541 3
94559 47
94561 3
94573 23
94583 133
94597 167
94687 3
94723 107
94747 115
94777 5
94789 11
94819 35
94837 171
94949 3
94993 13
95021 75
95087 147
95089 39
95093 61
95107 179
95111 105
95131 135
95143 13
95153 25
95191 7
95239 43
95257 19
95261 5
95267 31
95369 25
95401 51
95413 39
95441 5
95471 13
95479 11
95507 5
95549 19
95561 75
95569 65
95581 3
95621 13
95717 37
95723 27
95737 39
95783 25
95801 93
95813 31
95857 45
95869 7
95891 5
95917 3
95929 11
95947 55
95971 69
95987 111
96001 173
96013 37
96017 129
96079 29
96137 3
96149 15
96167 53
96179 3
96263 7
96293 59
96329 7
96337 21
96377 55
96419 149
96443 3
96461 61
96469 69
96493 23
96527 7
96667 71
96731 59
96763 63
96769 47
96797 15
96799 57
96823 13
96857 3
96911 5
96953 113
96979 5
96989 7
97001 53
97007 147
97021 3
97103 3
97117 5
97127 93
97159 97
97177 5
97187 75
97241 57
97303 17
97367 11
97373 163
97453 17
97459 69
97499 35
97511 5
97561 45
97571 165
97579 11
97583 141
97607 17
97687 39
97711 7
97787 9
97841 135
97843 5
97859 97
97879 7
97883 115
97927 15
97931 13
97943 65
97973 147
97987 3
98011 11
98047 19
98123 77
98129 7
98213 15
98227 23
98257 45
98299 27
98327 31
98347 9
98369 3
98387 3
98411 155
98459 59
98467 3
98473 11
98491 17
98507 67
98519 27
98533 9
98561 85
98669 63
98711 157
98717 9
98729 5
98737 3
98773 19
98801 117
98807 9
98809 35
98837 25
98867 3
98869 125
98893 5
98897 3
98929 123
98939 139
98947 15
98963 19
98999 67
99013 51
99017 13
99023 9
99041 133
99079 35
99083 111
99089 3
99133 11
99137 17
99139 107
99149 63
99173 3
99223 11
99251 83
99347 21
99377 7
99401 29
99409 51
99469 57
99551 3
99571 3
99623 29
99667 91
99679 13
99707 17
99733 81
99761 101
99823 3
99829 27
99833 17
99877 3
99901 13
99929 3
99971 5
100003 45
100049 3
100057 27
100069 11
100129 9
100183 11
100189 7
100193 51
100213 9
100267 17
100271 109
100297 3
100333 91
100357 57
100459 19
100469 25
100483 7
100493 27
100501 35
100511 33
100517 3
100523 11
100559 63
100609 3
100669 45
100733 21
100801 57
100811 53
100853 39
100907 81
100931 13
100999 45
101009 109
101021 85
101089 35
101111 33
101173 27
101197 93
101207 19
101209 3
101221 29
101287 49
101293 3
101333 141
101347 7
101363 97
101383 145
101399 27
101411 33
101467 3
101489 81
101503 5
101513 63
101537 55
101561 175
101573 19
101581 59
101603 7
101611 83
101653 3
101663 113
101681 15
101693 3
101701 5
101747 25
101789 65
101839 11
101869 3
101929 131
101939 89
101957 25
101999 191
102001 192
102043 41
102059 53
102071 81
102077 159
102103 3
102161 11
102203 5
102229 121
102241 3
102259 47
102293 33
102397 3
102499 5
102523 59
102533 173
102551 35
102563 15
102587 17
102593 25
102607 3
102611 9
102647 11
102653 81
102701 3
102761 17
102763 107
102793 157
102859 11
102881 3
102911 67
102929 17
102983 3
103043 183
103049 3
103069 5
103079 17
103093 73
103141 11
103217 113
103231 93
103237 81
103289 3
103291 53
103393 95
103409 83
103423 3
103451 29
103457 19
103511 3
103529 9
103561 11
103567 5
103591 7
103619 111
103643 27
103651 7
103657 5
103669 25
103687 75
103723 5
103787 11
103801 3
103841 13
103889 29
103903 59
103913 177
103967 7
103969 19
103979 113
103991 3
104009 83
104059 3
104087 79
104113 19
104119 9
104149 159
104173 55
104239 77
104243 107
104281 13
104327 29
104369 111
104393 5
104399 81
104471 117
104479 69
104537 29
104543 7
104549 5
104551 19
104561 9
104597 3
104639 5
104677 25
104693 3
104701 13
104711 63
104717 143
104729 11
104743 23
104759 7
104761 65
104773 95
104789 5
104801 15
104803 59
104849 3
104869 25
104933 99
104953 17
104959 33
105023 31
105031 51
105137 21
105173 9
105251 65
105253 167
105263 25
105277 87
105331 77
105337 41
105407 17
105449 119
105467 55
105499 189
105503 23
105509 155
105517 49
105533 61
105557 81
105607 43
105613 21
105649 9
105653 7
105667 27
105673 171
105691 17
105727 19
105751 5
105761 137
105769 21
105817 5
105829 51
105883 3
105899 55
105929 39
105943 71
105967 3
105971 43
105983 35
106019 3
106087 15
106121 17
106207 39
106217 109
106279 21
106291 97
106297 11
106303 5
106307 3
106357 7
106363 79
106391 139
106441 77
106487 69
106501 9
106537 3
106543 25
106591 3
106637 41
106649 65
106657 33
106699 151
106703 19
106727 31
106747 55
106759 25
106781 3
106867 7
106871 163
106877 47
106921 9
106963 41
106979 83
106993 29
107057 5
107071 53
107077 3
107137 3
107227 149
107269 13
107279 41
107347 19
107357 13
107441 51
107449 13
107453 9
107473 29
107507 3
107563 5
107603 39
107647 11
107699 151
107713 29
107717 103
107777 5
107827 11
107843 51
107857 189
107881 23
107897 7
107941 31
107951 141
107999 11
108007 55
108013 5
108023 63
108041 5
108089 5
108127 9
108131 77
108161 11
108187 5
108191 111
108217 149
108223 129
108247 13
108287 3
108347 85
108377 3
108439 55
108463 81
108497 5
108499 35
108503 15
108517 11
108533 109
108541 33
108587 3
108643 75
108677 17
108707 181
108751 5
108769 15
108799 11
108803 35
108869 3
108883 5
108907 15
108923 19
108929 5
108947 115
108971 111
109001 67
109013 63
109037 3
109049 51
109121 5
109147 198
109159 153
109169 5
109171 21
109211 5
109253 117
109363 37
109367 5
109387 7
109441 51
109469 3
109481 67
109517 143
109537 41
109547 3
109567 85
109579 7
109597 3
109609 155
109621 3
109661 31
109663 147
109673 3
109717 3
109741 3
109793 3
109819 133
109831 13
109843 11
109847 39
109873 23
109891 29
109903 19
109961 103
110017 37
110051 3
110059 19
110069 163
110083 185
110119 13
110221 5
110281 17
110323 193
110359 197
110441 39
110479 7
110491 19
110501 3
110527 175
110581 135
110597 27
110609 29
110623 155
110629 19
110651 147
110749 39
110771 3
110813 53
110819 31
110821 3
110849 11
110863 9
110899 3
110923 45
110933 79
110977 77
111029 5
111043 57
111053 31
111109 3
111191 149
111263 9
111271 59
111301 17
111337 3
111347 121
111373 39
111427 189
111439 13
111487 191
111493 135
111521 79
111533 33
111577 197
111593 5
111599 19
111611 35
111641 3
111653 25
111667 45
111767 19
111773 29
111779 113
111827 17
111847 15
111857 5
111893 3
111949 27
111973 9
111997 17
112061 53
112103 79
112111 3
112129 51
112139 73
112163 115
112181 27
112199 149
112207 35
112213 7
112237 95
112241 21
112247 23
112261 69
112289 7
112291 29
112327 171
112331 39
112349 123
112501 15
112507 5
112543 25
112583 3
112621 33
112657 59
112687 191
112741 3
112759 3
112771 5
112787 3
112799 197
112807 119
112831 23
112859 3
112901 49
112913 53
112979 115
112997 5
113011 3
113017 29
113039 27
113041 19
113063 5
113083 3
113089 61
113111 45
113131 157
113159 7
113171 43
113173 179
113209 97
113213 25
113233 23
113279 51
113287 13
113327 125
113359 33
113363 3
113371 13
113381 71
113501 11
113513 5
113567 15
113623 23
113683 49
113719 187
113723 41
113777 5
113779 77
113783 85
113797 11
113809 189
113837 19
113891 15
113899 93
113909 139
113921 11
113933 71
113947 193
113989 195
114001 13
114013 65
114073 9
114083 49
114113 13
114143 23
114221 113
114229 17
114259 69
114311 41
114329 81
114377 27
114467 119
114473 59
114487 23
114493 181
114617 9
114661 23
114757 11
114761 151
114773 3
114833 23
114859 43
114889 31
114901 77
114941 3
114997 5
115001 71
115013 19
115021 61
115079 5
115099 3
115133 5
115153 31
115201 133
115249 5
115279 201
115303 5
115327 3
115331 5
115337 23
115361 7
115421 3
115513 61
115523 71
115547 27
115601 3
115613 29
115657 31
115663 95
115769 15
115783 69
115823 3
115831 5
115837 19
115849 11
115873 47
115879 3
115933 25
115963 5
115979 67
115987 61
116041 135
116089 13
116099 3
116107 21
116131 41
116159 119
116167 31
116189 3
116257 47
116329 9
116341 3
116351 37
116381 17
116443 43
116447 7
116461 61
116471 15
116491 67
116531 203
116533 204
116549 5
116579 3
116681 11
116731 79
116741 3
116789 15
116833 25
116849 7
116881 9
116911 53
116929 7
116953 31
116989 3
117023 29
117037 95
117043 11
117071 7
117133 35
117167 55
117193 161
117203 23
117251 33
117259 13
117307 53
117319 103
117331 157
117413 43
117431 7
117497 29
117511 191
117529 9
117541 15
117571 3
117673 3
117701 3
117709 11
117727 31
117731 43
117751 199
117763 41
117787 203
117797 5
117809 151
117851 119
117883 69
117911 9
117917 21
117959 17
117977 109
117989 15
118037 75
118043 43
118057 103
118061 5
118127 3
118169 7
118189 3
118247 59
118249 15
118259 161
118273 23
118277 25
118343 51
118369 17
118373 83
118387 13
118399 141
118409 7
118411 3
118463 33
118471 79
118589 147
118619 15
118661 7
118691 119
118717 169
118757 3
118787 9
118801 97
118831 193
118843 5
118861 159
118873 9
118891 5
118901 17
118907 155
118913 37
118973 33
119039 15
119047 171
119069 206
119089 165
119099 81
119101 7
119129 89
119131 3
119159 9
119179 15
119183 75
119233 47
119237 91
119243 3
119293 55
119297 17
119311 5
119417 11
119447 3
119489 31
119503 65
119513 29
119549 13
119557 185
119671 3
119699 11
119701 55
119771 89
119773 163
119783 23
119809 45
119851 145
119881 113
119923 5
119981 69
119993 7
120011 3
120067 193
120079 5
120097 11
120103 53
120121 5
120163 5
120199 97
120209 11
120233 87
120247 71
120283 61
120299 7
120331 203
120349 7
120383 5
120391 161
120397 21
120401 51
120413 153
120427 49
120539 39
120551 127
120577 137
120647 135
120709 3
120713 29
120811 101
120817 5
120847 163
120877 5
120899 75
120907 55
120919 187
120929 15
120937 29
120947 111
120977 17
120997 65
121007 9
121019 123
121021 35
121063 189
121067 27
121081 37
121123 95
121151 11
121169 29
121171 3
121181 7
121189 5
121267 61
121291 35
121309 55
121321 3
121327 179
121349 7
121421 57
121441 3
121453 21
121501 65
121531 199
121547 59
121571 25
121577 121
121579 3
121621 205
121631 208
121633 67
121697 89
121721 55
121787 145
121789 25
121867 105
121883 107
121921 163
121951 41
121963 99
121993 13
122011 49
122021 115
122027 15
122029 143
122033 19
122041 33
122051 5
122069 31
122099 5
122147 3
122149 67
122207 25
122209 63
122251 21
122273 3
122279 7
122299 97
122321 113
122327 7
122363 127
122393 13
122401 35
122471 3
122477 85
122501 93
122527 7
122533 5
122599 3
122611 109
122653 107
122741 61
122761 173
122827 13
122833 25
122839 43
122849 15
122861 29
122867 45
122939 77
122971 17
123049 7
123127 113
123217 9
123269 9
123307 51
123311 13
123341 29
123397 99
123407 129
123419 5
123427 137
123433 17
123457 5
123491 9
123499 189
123517 15
123527 37
123551 3
123593 3
123637 47
123661 3
123667 25
123677 11
123707 3
123727 63
123733 17
123737 85
123757 15
123833 93
123853 5
123863 151
123973 197
123997 143
124001 47
124133 121
124147 127
124153 203
124171 141
124183 205
124199 9
124213 69
124297 27
124303 75
124309 3
124351 21
124363 85
124427 7
124433 91
124477 3
124489 11
124493 153
124561 65
124633 55
124673 7
124679 9
124703 87
124717 189
124721 3
124769 145
124777 73
124781 33
124793 3
124819 99
124823 3
124847 9
124951 21
124979 3
124981 167
124991 121
125093 91
125141 95
125149 163
125201 25
125231 5
125287 5
125299 77
125303 115
125311 199
125329 183
125339 31
125387 35
125423 3
125539 7
125597 31
125617 85
125621 165
125659 3
125687 157
125693 3
125711 5
125717 57
125731 107
125753 91
125803 69
125821 117
125863 11
125887 101
125933 3
125941 9
125959 7
125963 3
126011 53
126031 7
126037 43
126097 191
126127 29
126151 11
126211 123
126223 47
126227 3
126229 163
126241 193
126257 9
126311 55
126337 137
126341 9
126359 33
126443 31
126461 19
126481 197
126541 5
126547 17
126551 7
126613 101
126631 29
126653 117
126691 7
126713 9
126719 121
126751 205
126761 7
126781 207
126857 3
126913 99
126923 81
126949 151
126961 3
127033 9
127079 61
127081 3
127133 119
127189 45
127207 3
127219 13
127241 35
127249 107
127277 63
127289 21
127291 173
127297 87
127321 191
127331 3
127373 11
127403 3
127487 21
127493 33
127507 59
127541 5
127549 147
127579 9
127609 17
127649 55
127657 65
127663 75
127669 21
127679 9
127717 3
127739 5
127781 97
127807 23
127837 71
127867 25
127877 161
127931 13
127973 119
128021 7
128053 33
128113 3
128119 9
128201 83
128221 45
128239 5
128257 13
128287 57
128291 3
128311 179
128321 47
128327 3
128377 103
128411 11
128477 49
128489 3
128509 31
128551 79
128591 127
128621 3
128663 3
128677 153
128717 81
128747 27
128761 101
128767 107
128813 119
128833 5
128837 129
128857 111
128861 49
128969 17
128971 15
128983 5
129011 9
129127 11
129197 93
129223 65
129263 3
129277 25
129289 7
129313 3
129347 11
129361 207
129379 37
129401 55
129419 214
129443 3
129457 53
129469 101
129497 5
129499 7
129509 31
129553 9
129631 3
129671 11
129719 99
129749 91
129769 3
129841 5
129853 15
129887 3
129919 61
129937 81
129953 37
129967 15
129971 3
130021 35
130027 29
130043 3
130069 161
130099 195
130127 59
130199 3
130241 3
130267 65
130279 3
130303 35
130307 55
130349 7
130363 21
130411 109
130439 25
130457 201
130477 11
130489 87
130513 119
130553 27
130579 187
130619 15
130639 179
130649 129
130657 7
130687 5
130693 3
130729 3
130807 31
130829 3
130873 89
130981 79
130987 143
131011 5
131063 21
131071 31
131113 7
131129 9
131149 165
131171 11
131213 9
131249 97
131293 9
131303 85
131317 3
131381 57
131447 3
131507 39
131561 53
131627 71
131711 25
131731 201
131749 27
131837 57
131849 17
131861 31
131893 3
131899 205
131927 93
131941 49
131959 207
132001 209
132049 213
132059 216
132113 33
132137 169
132151 127
132157 75
132199 27
132247 3
132283 175
132287 7
132313 5
132329 9
132331 59
132371 3
132383 3
132439 25
132491 9
132511 13
132523 47
132547 99
132589 107
132607 7
132611 3
132623 35
132631 3
132637 23
132647 97
132667 177
132701 17
132739 61
132749 57
132757 29
132761 69
132763 103
132833 37
132851 65
132857 13
132859 145
132887 19
132949 5
132967 13
133039 135
133087 13
133103 73
133109 3
133117 9
133121 7
133153 3
133201 17
133213 53
133241 31
133261 29
133271 5
133277 43
133279 169
133283 7
133319 3
133321 5
133349 107
133351 129
133519 11
133541 5
133583 25
133649 61
133669 43
133691 3
133709 81
133711 147
133717 33
133733 5
133781 101
133843 105
133873 195
133877 3
133949 47
133967 99
133993 143
134039 13
134059 95
134081 51
134087 3
134093 61
134161 41
134171 7
134207 173
134227 103
134243 9
134263 187
134287 151
134291 5
134327 81
134333 5
134339 3
134363 3
134417 23
134437 169
134489 5
134507 101
134587 207
134591 5
134593 105
134597 3
134681 15
134683 47
134699 21
134753 3
134777 73
134807 9
134839 31
134851 3
134857 107
134873 5
134917 171
134921 123
134923 13
134947 81
134989 143
135007 117
135017 7
135029 27
135049 153
135059 83
135077 11
135131 21
135151 195
135173 15
135181 111
135197 7
135211 185
135221 3
135271 17
135277 9
135329 121
135367 3
135389 99
135391 9
135463 95
135467 97
135479 3
135533 57
135571 41
135589 5
135593 19
135601 13
135613 2